0.0233175
0.0417726
0.0556526
0.066593
0.0782407
0.091104
0.0975577
0.108786
0.125627
0.145497
0.162051
0.183954
0.192972
0.201525
0.213747
0.225041
0.240513
0.252691
0.263609
0.275986
0.283435
0.300011
0.314598
0.331396
0.3409
0.358537
0.363841
0.365786
0.367223
0.370229
0.371665
0.374914
0.377898
0.379556
0.381169
0.382893
0.384153
0.386871
0.38822
0.389877
0.391668
0.393237
0.394806
0.395823
0.39748
0.399249
0.400774
0.40252
0.404045
0.405548
0.407316
0.409482
0.411847
0.41335
0.415582
0.419405
0.42093
0.422478
0.424179
0.426169
0.428246
0.431451
0.433175
0.434634
0.438789
0.441927
0.445663
0.452116
0.484385
0.506354
0.527484
0.55226
0.565808
0.578163
0.592949
0.606675
0.618742
0.634125
0.648138
0.665753
0.684186
0.703636
0.728412
0.744436
0.756194
0.77213
0.78475
0.811316
0.835451
0.860824
0.892961
0.915748
0.939772
0.946292
0.958913
0.96614
0.979357
0.988883
0.996574
