0.0208796
0.0381772
0.0504176
0.0616428
0.0729829
0.0897441
0.101774
0.116562
0.127347
0.135813
0.145793
0.155199
0.162286
0.172247
0.181729
0.191958
0.201421
0.210444
0.218815
0.225998
0.23638
0.246399
0.25295
0.262624
0.271742
0.278484
0.304785
0.313022
0.334361
0.341296
0.344897
0.348077
0.351831
0.354341
0.356793
0.359168
0.36139
0.363612
0.365681
0.367654
0.370221
0.372136
0.374397
0.376657
0.379186
0.381733
0.383649
0.386733
0.389089
0.391752
0.394069
0.396962
0.399701
0.402785
0.405984
0.408474
0.410946
0.4206
0.428588
0.438357
0.449602
0.46937
0.489905
0.504023
0.514941
0.523159
0.531932
0.540572
0.549
0.560206
0.569899
0.579055
0.591851
0.599149
0.604053
0.61047
0.620872
0.640123
0.66085
0.683415
0.699889
0.71098
0.719313
0.72776
0.734944
0.739962
0.747701
0.758984
0.771033
0.784116
0.7999
0.813903
0.834821
0.870738
0.887518
0.917324
0.953126
0.978009
0.987779
