0.0335491
0.0492605
0.0683504
0.0851014
0.0971979
0.109507
0.121438
0.137339
0.157256
0.179488
0.195648
0.214549
0.229103
0.244956
0.260147
0.274843
0.288971
0.301777
0.3147
0.336342
0.358834
0.375396
0.392123
0.39992
0.401644
0.404669
0.406464
0.408756
0.410575
0.41256
0.414639
0.416387
0.418608
0.42064
0.42305
0.424562
0.426641
0.428366
0.430279
0.43165
0.433327
0.435335
0.437013
0.438785
0.440675
0.442541
0.44436
0.445849
0.447455
0.448873
0.450409
0.452063
0.453646
0.455559
0.457449
0.459339
0.460946
0.462789
0.464632
0.466333
0.468459
0.470609
0.472357
0.474224
0.47583
0.477484
0.47954
0.481619
0.484147
0.486604
0.489699
0.494377
0.497661
0.500402
0.503001
0.51642
0.52854
0.547252
0.569768
0.589732
0.607428
0.623069
0.635898
0.655602
0.67129
0.684993
0.699783
0.722842
0.754619
0.771724
0.795917
0.809975
0.821245
0.833554
0.849903
0.862874
0.886618
0.926735
0.976516
