0.0342094
0.0507249
0.0679594
0.0773855
0.0863522
0.0954987
0.104985
0.115789
0.123537
0.132604
0.146743
0.160922
0.169329
0.184247
0.190538
0.198606
0.20977
0.222611
0.237628
0.247993
0.264868
0.279686
0.291529
0.306347
0.315074
0.323401
0.330511
0.342134
0.359128
0.374705
0.391441
0.405919
0.413009
0.416044
0.418081
0.420917
0.423773
0.426449
0.428546
0.430802
0.433079
0.435336
0.437353
0.43915
0.441067
0.442585
0.444941
0.447058
0.449155
0.451112
0.453149
0.455346
0.457703
0.45966
0.461517
0.463434
0.465431
0.468586
0.470484
0.472301
0.475596
0.477653
0.481547
0.484942
0.487698
0.490254
0.493949
0.496805
0.503575
0.522507
0.537804
0.54751
0.56782
0.584175
0.597895
0.610097
0.622718
0.638954
0.651296
0.675141
0.700124
0.725906
0.746915
0.763091
0.776571
0.786895
0.795343
0.806446
0.813796
0.822323
0.835184
0.846867
0.869573
0.885849
0.892679
0.916843
0.936154
0.962156
0.981987
