0.0305412
0.0576846
0.0740277
0.0895925
0.100431
0.109979
0.116223
0.124746
0.132927
0.144202
0.154832
0.170567
0.184822
0.197009
0.209498
0.221514
0.232751
0.246987
0.261109
0.274111
0.288328
0.302014
0.315908
0.328797
0.338933
0.347342
0.358503
0.371904
0.384811
0.39751
0.40533
0.409905
0.411575
0.416567
0.419205
0.421806
0.423097
0.426001
0.427709
0.429361
0.430955
0.433385
0.434998
0.436554
0.438339
0.44056
0.442097
0.444185
0.446254
0.448551
0.450525
0.452537
0.454435
0.455991
0.458649
0.461534
0.463394
0.466279
0.468766
0.470949
0.473682
0.476302
0.480364
0.487918
0.503141
0.508361
0.513847
0.521421
0.529791
0.537991
0.553252
0.562876
0.575081
0.585977
0.601086
0.613424
0.625667
0.638574
0.653342
0.666496
0.68151
0.703054
0.728091
0.749995
0.765978
0.781998
0.794317
0.808363
0.822391
0.833855
0.847351
0.865137
0.891958
0.916235
0.942088
0.966612
0.980582
0.987017
0.993167
