0.0346502
0.0451563
0.0637303
0.0791524
0.0922751
0.10288
0.113406
0.126608
0.143775
0.159891
0.168712
0.183281
0.204849
0.22368
0.242492
0.258628
0.274625
0.288005
0.297005
0.310127
0.320039
0.326779
0.33562
0.341804
0.352172
0.36133
0.369021
0.38252
0.393106
0.405812
0.413206
0.416774
0.419292
0.421234
0.423098
0.424723
0.427379
0.429025
0.431007
0.432533
0.434218
0.436874
0.438698
0.440621
0.442583
0.44407
0.445814
0.447757
0.449759
0.45192
0.454061
0.455845
0.458303
0.460602
0.463021
0.465241
0.467481
0.46982
0.472991
0.475093
0.477471
0.487859
0.501893
0.508316
0.514223
0.522628
0.528475
0.532797
0.539636
0.545008
0.550855
0.5571
0.561302
0.566872
0.574464
0.583087
0.591571
0.606141
0.622356
0.632961
0.647036
0.661328
0.675957
0.691498
0.707654
0.726981
0.749955
0.768331
0.786409
0.802823
0.817313
0.837949
0.856543
0.876821
0.895693
0.91048
0.933078
0.96531
0.981823
