0.0444257
0.0669068
0.0773581
0.0868133
0.0963145
0.106153
0.115485
0.126396
0.135668
0.147652
0.161275
0.169075
0.177611
0.188553
0.195617
0.202942
0.216903
0.22599
0.234511
0.24556
0.254049
0.266861
0.276531
0.285649
0.292698
0.299303
0.305862
0.312191
0.320083
0.325768
0.33812
0.348954
0.357735
0.362409
0.364861
0.367252
0.369765
0.372155
0.374102
0.376293
0.378301
0.380385
0.382484
0.385135
0.387189
0.389441
0.391817
0.394253
0.396828
0.399188
0.401563
0.403969
0.406574
0.408735
0.411003
0.413501
0.417332
0.426864
0.436105
0.448916
0.466386
0.489418
0.500835
0.515945
0.524833
0.536848
0.547866
0.558103
0.570485
0.582484
0.596031
0.607601
0.615462
0.626619
0.640916
0.663489
0.678385
0.688177
0.702567
0.712099
0.724527
0.733737
0.745859
0.756233
0.766209
0.773979
0.782055
0.79361
0.805026
0.818389
0.833331
0.846341
0.85572
0.862738
0.880101
0.904253
0.932756
0.964677
0.979005
