0.0329078
0.0567684
0.0728145
0.0846689
0.09383
0.108909
0.120308
0.126643
0.134211
0.141399
0.151035
0.159077
0.168124
0.183506
0.193767
0.205527
0.218899
0.227396
0.241128
0.253229
0.270925
0.280618
0.295621
0.301405
0.307304
0.311136
0.316276
0.32189
0.327485
0.333043
0.339586
0.346357
0.353527
0.359805
0.368852
0.375358
0.385145
0.388976
0.394553
0.39937
0.402576
0.405022
0.407336
0.40948
0.411433
0.413368
0.415777
0.41792
0.420538
0.422529
0.424786
0.427423
0.429774
0.43188
0.434535
0.436603
0.438898
0.441477
0.443639
0.445631
0.447547
0.449652
0.451606
0.454318
0.456442
0.458927
0.461544
0.464996
0.468676
0.471559
0.476604
0.483831
0.492878
0.51029
0.542875
0.567248
0.582213
0.594162
0.602526
0.613641
0.624945
0.637141
0.651708
0.664435
0.700814
0.725281
0.740493
0.754908
0.762001
0.770499
0.790774
0.820591
0.843977
0.859227
0.889631
0.926635
0.960036
0.968477
0.982171
