0.0286458
0.0490272
0.0665677
0.076683
0.0884125
0.0978392
0.107029
0.115186
0.126098
0.134879
0.14564
0.154657
0.163654
0.173898
0.184035
0.199143
0.213262
0.229791
0.243371
0.252217
0.262612
0.274083
0.284521
0.292614
0.303805
0.312715
0.322615
0.332666
0.340823
0.3552
0.379218
0.398351
0.409285
0.412341
0.421638
0.42407
0.42562
0.428827
0.432313
0.435003
0.436661
0.437952
0.439028
0.440319
0.441654
0.44301
0.445119
0.447938
0.451274
0.453125
0.455794
0.457193
0.459409
0.46055
0.461841
0.465737
0.468449
0.47116
0.479834
0.489261
0.49746
0.512978
0.533101
0.555699
0.56646
0.581289
0.592717
0.603456
0.615337
0.627109
0.636708
0.645704
0.657821
0.668216
0.678999
0.691482
0.70405
0.718944
0.735171
0.747676
0.763494
0.7763
0.787039
0.799264
0.809035
0.816482
0.82791
0.838843
0.84601
0.855329
0.862926
0.87203
0.881327
0.897641
0.905066
0.940642
0.957946
0.971828
0.991004
