0.0159981
0.0291127
0.0431458
0.0570293
0.0695886
0.0816139
0.0938528
0.105109
0.117498
0.131103
0.145735
0.154321
0.170981
0.183028
0.195972
0.209086
0.221133
0.233457
0.245119
0.256184
0.268038
0.279721
0.294438
0.309261
0.33485
0.343799
0.35717
0.365287
0.369666
0.371246
0.373403
0.375262
0.376778
0.378765
0.380089
0.382908
0.384489
0.385899
0.387458
0.388932
0.390555
0.391986
0.394506
0.396066
0.397646
0.399205
0.401598
0.4032
0.404823
0.407493
0.409522
0.411209
0.413281
0.416976
0.418472
0.420885
0.424046
0.428596
0.431074
0.433188
0.434683
0.44327
0.446879
0.451408
0.45506
0.458392
0.461019
0.464843
0.481716
0.501837
0.5242
0.539686
0.553142
0.566427
0.578495
0.58909
0.601094
0.612777
0.624247
0.63843
0.656542
0.684075
0.708232
0.725789
0.739224
0.75236
0.766308
0.779059
0.793584
0.808386
0.824832
0.839335
0.858687
0.895233
0.927165
0.937033
0.951408
0.975565
0.977188
