0.00249891
0.00620862
0.0094031
0.0175954
0.0262771
0.0340315
0.0395703
0.0470155
0.054538
0.0619059
0.0682691
0.076822
0.0841899
0.0912744
0.100471
0.112296
0.123193
0.135868
0.151403
0.163485
0.186645
0.195636
0.20321
0.211325
0.219672
0.22771
0.235155
0.249015
0.260453
0.269959
0.279156
0.286782
0.303553
0.319705
0.328464
0.35183
0.368653
0.37919
0.390602
0.401267
0.411546
0.419636
0.428343
0.437308
0.444908
0.453951
0.460365
0.469717
0.478888
0.486127
0.49553
0.504805
0.512095
0.520494
0.529897
0.537419
0.54659
0.556148
0.567458
0.575573
0.586934
0.607131
0.629286
0.642966
0.656774
0.668753
0.67777
0.708865
0.735168
0.740887
0.746116
0.752995
0.761754
0.767756
0.772522
0.778035
0.782673
0.792256
0.796404
0.801917
0.807043
0.816137
0.824896
0.831079
0.839297
0.842286
0.843677
0.847799
0.853569
0.857794
0.86305
0.872917
0.888889
0.900868
0.921169
0.941134
0.961383
0.970863
0.985676
