0.00721308
0.0115298
0.0191328
0.0285738
0.03484
0.0438355
0.0497675
0.0560336
0.0619378
0.0679533
0.0742474
0.081544
0.0879216
0.0947169
0.10569
0.115799
0.12602
0.135238
0.142591
0.148467
0.15866
0.167739
0.178294
0.18612
0.193556
0.198234
0.206088
0.212521
0.218648
0.227337
0.232629
0.237447
0.243657
0.253878
0.264489
0.277021
0.290333
0.30203
0.316456
0.328822
0.349208
0.369204
0.382822
0.39516
0.402428
0.409168
0.417634
0.424151
0.430585
0.437213
0.444816
0.450971
0.458044
0.464199
0.471384
0.480101
0.486033
0.493608
0.499513
0.507004
0.512964
0.521347
0.527557
0.534882
0.54112
0.548389
0.555686
0.56262
0.569165
0.57596
0.582616
0.591667
0.601387
0.609853
0.621829
0.637564
0.656724
0.670593
0.68282
0.694934
0.706715
0.718551
0.73022
0.745788
0.76247
0.778706
0.797811
0.819033
0.847773
0.859164
0.867714
0.872922
0.878826
0.901078
0.935361
0.946891
0.956805
0.967778
0.98407
