0.00663265
0.0106859
0.0135204
0.0174887
0.0211168
0.0232143
0.0269558
0.0310091
0.0354592
0.0384921
0.0450113
0.0522109
0.0603175
0.0691327
0.0777211
0.0843821
0.0904195
0.094983
0.102069
0.109864
0.119898
0.12979
0.13733
0.148044
0.161224
0.174915
0.190788
0.206718
0.215561
0.223243
0.227324
0.234779
0.24144
0.24983
0.261395
0.269983
0.276842
0.287954
0.293084
0.306122
0.315845
0.328486
0.357426
0.368906
0.388577
0.404762
0.420011
0.432086
0.44708
0.457937
0.469444
0.474915
0.484949
0.491213
0.500198
0.508929
0.515845
0.526672
0.537302
0.544388
0.553571
0.560516
0.569331
0.578997
0.585828
0.595493
0.602381
0.612443
0.621287
0.631094
0.643707
0.647591
0.6589
0.668112
0.680839
0.696344
0.706349
0.720153
0.7322
0.745266
0.751871
0.766468
0.778486
0.795437
0.814881
0.837727
0.85754
0.884836
0.894558
0.906576
0.934212
0.935317
0.944983
0.951361
0.953855
0.95771
0.964796
0.978061
0.992234
