0.00438893
0.00745811
0.0106501
0.0148548
0.0178626
0.0230188
0.0251059
0.0275612
0.0297097
0.0324719
0.0346203
0.0389786
0.043613
0.0472654
0.0500276
0.0526978
0.0571174
0.0603401
0.0652814
0.0811491
0.0981524
0.111473
0.126266
0.142717
0.1584
0.172273
0.18633
0.199589
0.20542
0.214137
0.225585
0.238475
0.243355
0.249985
0.256737
0.265116
0.270333
0.278927
0.289454
0.295593
0.299797
0.306703
0.311951
0.320453
0.327328
0.33276
0.344884
0.353876
0.362838
0.37754
0.389602
0.401203
0.414984
0.430053
0.444233
0.461697
0.488153
0.50132
0.521055
0.538856
0.552084
0.564576
0.577251
0.589006
0.6007
0.614112
0.622276
0.636179
0.648119
0.662268
0.677798
0.689184
0.703364
0.716531
0.735222
0.749494
0.767049
0.776932
0.783746
0.790222
0.797004
0.812903
0.827635
0.836229
0.852127
0.867903
0.878307
0.887453
0.897796
0.90771
0.914247
0.927966
0.940397
0.945338
0.960592
0.967068
0.972807
0.981186
0.990885
