0.00398232
0.00906968
0.0140736
0.0183687
0.0244986
0.0304825
0.033047
0.0366123
0.0393019
0.0410742
0.045536
0.0496435
0.0609024
0.0745382
0.0880489
0.098724
0.108732
0.119386
0.129415
0.141737
0.153976
0.168488
0.181227
0.197031
0.212147
0.221071
0.22989
0.236124
0.244715
0.255098
0.268233
0.280722
0.292523
0.305388
0.318064
0.325341
0.333201
0.347775
0.36777
0.38053
0.410471
0.420729
0.425587
0.437367
0.452567
0.464868
0.476544
0.48847
0.499062
0.50982
0.519307
0.530545
0.541262
0.551207
0.561111
0.57114
0.578937
0.590488
0.601726
0.610129
0.621596
0.632292
0.647784
0.658396
0.668196
0.677724
0.686835
0.697761
0.709061
0.725887
0.744193
0.76398
0.781243
0.8101
0.825946
0.839769
0.84788
0.857262
0.866895
0.876215
0.885117
0.890976
0.901818
0.910012
0.917164
0.923773
0.929945
0.935449
0.942037
0.947229
0.952483
0.957258
0.963763
0.969205
0.974209
0.980943
0.986072
0.991118
0.995663
