0.00609568
0.0112883
0.0150853
0.0198674
0.0243212
0.0284055
0.0327977
0.0391602
0.0432855
0.0479445
0.0567083
0.0650001
0.0779303
0.0868789
0.0952733
0.107054
0.118076
0.127989
0.138723
0.147015
0.156066
0.163393
0.171911
0.177657
0.191265
0.205673
0.211851
0.221353
0.226587
0.230712
0.235556
0.239805
0.243889
0.249369
0.254418
0.262217
0.271679
0.27958
0.288119
0.295692
0.307103
0.315847
0.322414
0.331096
0.346859
0.369353
0.390452
0.418858
0.451019
0.467459
0.482195
0.492519
0.499025
0.507399
0.517805
0.527513
0.538083
0.548263
0.556883
0.5646
0.575498
0.587156
0.594483
0.604745
0.612401
0.620097
0.624633
0.632186
0.640868
0.651889
0.664491
0.672988
0.681485
0.69148
0.698418
0.707674
0.719681
0.73413
0.743899
0.760277
0.775753
0.787328
0.808284
0.854771
0.865874
0.872093
0.887958
0.892043
0.90171
0.906471
0.916077
0.926585
0.934589
0.942204
0.947232
0.957228
0.971225
0.98081
0.987501
