0.00426302
0.00962157
0.0133606
0.0172902
0.0213389
0.0226964
0.0260068
0.0392007
0.0523232
0.0604444
0.0688037
0.0769725
0.0850223
0.0930005
0.100764
0.108124
0.118317
0.126247
0.134083
0.14399
0.154064
0.164019
0.17114
0.184405
0.19136
0.198361
0.206983
0.214151
0.224297
0.232466
0.235181
0.246255
0.250637
0.263617
0.270928
0.280597
0.290409
0.299388
0.31001
0.316654
0.330063
0.344924
0.351592
0.363786
0.385053
0.397318
0.403463
0.411989
0.421348
0.434495
0.442592
0.450356
0.457834
0.46617
0.473005
0.481245
0.487461
0.493796
0.503584
0.512086
0.520208
0.529329
0.535736
0.54238
0.550835
0.558527
0.566982
0.57496
0.579152
0.588726
0.594584
0.5998
0.606849
0.611303
0.617305
0.621258
0.627498
0.639048
0.654624
0.662245
0.672629
0.682488
0.696182
0.714044
0.72188
0.748077
0.765986
0.808712
0.827217
0.843126
0.856629
0.865751
0.889138
0.90719
0.92529
0.934554
0.948606
0.96018
0.983734
