0.00453004
0.00927201
0.012451
0.0165042
0.0210342
0.0261206
0.0289022
0.0306506
0.0349422
0.0376709
0.0442937
0.048188
0.0599237
0.0690368
0.0800837
0.0874483
0.0997404
0.109357
0.116562
0.125993
0.135292
0.146683
0.158684
0.171241
0.185069
0.202686
0.217071
0.224754
0.232251
0.243112
0.254133
0.262398
0.272942
0.282002
0.28934
0.300758
0.309765
0.323381
0.336018
0.348469
0.357158
0.368019
0.385716
0.395226
0.410194
0.415148
0.427837
0.440924
0.45719
0.470568
0.486463
0.496344
0.502437
0.512769
0.521961
0.52975
0.538916
0.547208
0.554758
0.561354
0.567288
0.576587
0.582971
0.590203
0.599449
0.610363
0.623132
0.635239
0.644696
0.653174
0.670791
0.682155
0.698871
0.711852
0.722396
0.738529
0.752676
0.768968
0.775538
0.786134
0.793102
0.800334
0.807301
0.815566
0.82611
0.842137
0.862191
0.871728
0.879967
0.893981
0.905134
0.920128
0.92736
0.935228
0.947732
0.957799
0.972661
0.979628
0.990145
