0.00662039
0.0144299
0.0314629
0.0390153
0.0494601
0.0609333
0.0685499
0.0774521
0.0882504
0.0994344
0.111904
0.126269
0.141728
0.155001
0.168563
0.1828
0.19302
0.20655
0.216448
0.222104
0.234156
0.244408
0.256749
0.264751
0.276449
0.285159
0.296471
0.306498
0.318293
0.330312
0.355091
0.370485
0.389092
0.397545
0.423608
0.454525
0.471558
0.482485
0.493797
0.504403
0.514398
0.521564
0.529888
0.540269
0.546889
0.55698
0.561383
0.571507
0.579252
0.589054
0.597442
0.607276
0.616789
0.627041
0.634818
0.648412
0.658375
0.667599
0.678461
0.685371
0.699287
0.710856
0.72024
0.733867
0.745115
0.766101
0.770375
0.793772
0.809391
0.829123
0.864925
0.873281
0.880158
0.884015
0.889092
0.893495
0.900309
0.90709
0.910593
0.912746
0.915478
0.918306
0.923383
0.926372
0.932093
0.9337
0.940995
0.950026
0.954268
0.960728
0.962945
0.969276
0.974868
0.976764
0.983031
0.985602
0.989137
0.996047
0.998232
