0.00527173
0.0107367
0.0156496
0.0203141
0.0249786
0.0285391
0.0336176
0.0375921
0.0444647
0.0518065
0.0568298
0.0671248
0.0752946
0.0866385
0.0963816
0.106428
0.115343
0.125583
0.136375
0.149182
0.162927
0.176755
0.203803
0.213408
0.223207
0.233336
0.241175
0.246612
0.250863
0.255223
0.261875
0.269024
0.274323
0.280533
0.284425
0.289945
0.294499
0.299357
0.302641
0.307803
0.31335
0.319091
0.332257
0.341089
0.346968
0.365074
0.369711
0.381524
0.387017
0.404157
0.432006
0.458364
0.475642
0.484033
0.502443
0.515111
0.529988
0.539621
0.549778
0.558748
0.568436
0.581739
0.592393
0.602385
0.613922
0.621705
0.63189
0.643951
0.651431
0.658773
0.673788
0.684607
0.699594
0.707378
0.709751
0.718197
0.725429
0.732687
0.741851
0.749082
0.755265
0.764704
0.768099
0.778753
0.788827
0.795424
0.813143
0.824156
0.840993
0.855842
0.87116
0.887914
0.900417
0.91786
0.929729
0.947862
0.958571
0.975463
0.992161
