0.017443
0.0384297
0.0631533
0.0823612
0.105361
0.13509
0.151375
0.162806
0.166308
0.169259
0.172265
0.175712
0.178828
0.181655
0.18433
0.187033
0.189349
0.19219
0.194906
0.198147
0.200946
0.204917
0.209509
0.215369
0.219327
0.22378
0.232054
0.238907
0.242588
0.252227
0.256557
0.264747
0.282232
0.296586
0.311175
0.32597
0.344778
0.36593
0.384228
0.40476
0.420438
0.440322
0.445341
0.454993
0.464742
0.473236
0.481854
0.494512
0.506701
0.520532
0.536554
0.55579
0.575508
0.598287
0.623369
0.654588
0.678635
0.700946
0.715824
0.732012
0.749786
0.764927
0.780494
0.795138
0.810651
0.820785
0.833347
0.844364
0.851314
0.857188
0.862194
0.866413
0.870108
0.873845
0.877789
0.881484
0.884931
0.888572
0.892295
0.896349
0.900347
0.903946
0.907987
0.912371
0.917115
0.9211
0.924892
0.929249
0.933179
0.937895
0.942128
0.946416
0.950181
0.954276
0.958633
0.963335
0.968396
0.97529
0.984612
