0.0220987
0.0359438
0.0652879
0.0998771
0.123535
0.130954
0.132592
0.134419
0.135774
0.139664
0.141901
0.144941
0.146815
0.150028
0.152659
0.155368
0.158046
0.160219
0.167165
0.170568
0.171654
0.180459
0.192682
0.204732
0.214781
0.223208
0.235131
0.249653
0.263436
0.274855
0.289267
0.305648
0.325117
0.338946
0.354965
0.367046
0.389932
0.409353
0.424301
0.446053
0.467269
0.484249
0.508348
0.542654
0.56502
0.578172
0.5906
0.613581
0.631615
0.654045
0.672096
0.690067
0.707315
0.727508
0.745716
0.765909
0.790071
0.814248
0.834299
0.843088
0.851436
0.854555
0.858918
0.862572
0.864699
0.868841
0.872763
0.875709
0.877693
0.88056
0.882907
0.886498
0.888924
0.89198
0.894137
0.896343
0.898406
0.900548
0.903336
0.905525
0.907778
0.910424
0.913732
0.916504
0.919371
0.921891
0.924096
0.927057
0.930003
0.932129
0.935673
0.9398
0.94347
0.948116
0.956165
0.963174
0.969853
0.978846
0.987179
