0.01362
0.0316775
0.0449597
0.060238
0.0741036
0.092929
0.120338
0.14463
0.148253
0.152276
0.156223
0.159048
0.162165
0.16456
0.16714
0.169766
0.17233
0.174818
0.177443
0.180054
0.182526
0.184783
0.186887
0.188883
0.191002
0.193566
0.196023
0.198664
0.203701
0.208123
0.217382
0.230818
0.240522
0.246142
0.260115
0.275747
0.290687
0.303816
0.318833
0.334818
0.349067
0.364115
0.384307
0.401397
0.426902
0.431033
0.442994
0.450564
0.460392
0.46899
0.480369
0.500791
0.529858
0.547747
0.572791
0.609336
0.645083
0.669743
0.69038
0.707747
0.723639
0.734234
0.746472
0.761827
0.777397
0.795332
0.808292
0.813436
0.822434
0.829313
0.833259
0.83719
0.840737
0.844299
0.848031
0.851777
0.855754
0.859793
0.863309
0.867455
0.871846
0.875793
0.880154
0.883992
0.887923
0.891931
0.895969
0.9001
0.905136
0.908883
0.914534
0.920676
0.926925
0.93405
0.942418
0.947424
0.955869
0.964392
0.976369
