0.0273531
0.0410914
0.0541715
0.0672791
0.120957
0.142291
0.14469
0.147309
0.149476
0.151834
0.154014
0.156345
0.158785
0.1615
0.163502
0.165997
0.168067
0.170289
0.172304
0.174841
0.177405
0.179859
0.181984
0.184178
0.186796
0.190402
0.192966
0.196545
0.207226
0.211229
0.215452
0.218729
0.22095
0.224172
0.229094
0.231631
0.235717
0.239268
0.242833
0.264112
0.283088
0.304573
0.319024
0.333873
0.356674
0.374114
0.388072
0.404429
0.416165
0.419387
0.424817
0.436622
0.446918
0.45812
0.468184
0.484678
0.516707
0.542058
0.553657
0.564119
0.586495
0.624268
0.648879
0.67626
0.700185
0.726482
0.748475
0.76198
0.766984
0.772057
0.775787
0.780489
0.784274
0.787838
0.791335
0.795503
0.799287
0.802948
0.806513
0.810448
0.814342
0.818016
0.821965
0.825598
0.829218
0.832947
0.836745
0.84175
0.847357
0.85291
0.858052
0.866676
0.879166
0.894002
0.909385
0.92215
0.943978
0.974498
0.990114
