0.0102672
0.0230589
0.0434548
0.0575088
0.0744104
0.113632
0.13686
0.144326
0.148729
0.152192
0.155409
0.157887
0.160243
0.162736
0.165876
0.168216
0.170464
0.17288
0.175143
0.177591
0.179607
0.181639
0.183763
0.185903
0.189028
0.194015
0.200927
0.207715
0.218598
0.228188
0.232005
0.244797
0.262992
0.283326
0.300012
0.320824
0.342851
0.372037
0.386152
0.400114
0.404055
0.416415
0.431146
0.451758
0.484191
0.509436
0.531294
0.542439
0.584601
0.621606
0.65878
0.677806
0.699741
0.717336
0.739486
0.754756
0.762238
0.767641
0.771751
0.775984
0.780232
0.784281
0.788021
0.791762
0.795671
0.799874
0.803737
0.807724
0.811557
0.814913
0.818423
0.821563
0.825334
0.829244
0.832923
0.836109
0.839511
0.84339
0.847192
0.85064
0.854365
0.858352
0.862262
0.866988
0.871575
0.876686
0.882166
0.887445
0.893926
0.902731
0.911474
0.920987
0.935041
0.949172
0.956468
0.963133
0.974232
0.978819
0.988224
