0.010833
0.0208397
0.0405319
0.0739794
0.117311
0.131465
0.135428
0.138365
0.141808
0.144378
0.147255
0.149458
0.151692
0.153987
0.156405
0.158685
0.160857
0.16303
0.16531
0.16762
0.169518
0.171599
0.173511
0.176112
0.180167
0.18514
0.188552
0.191367
0.194167
0.197013
0.200777
0.204266
0.206729
0.209774
0.215527
0.221081
0.227248
0.247781
0.278199
0.306582
0.340214
0.364634
0.38786
0.397561
0.417192
0.460784
0.510037
0.532637
0.54526
0.57196
0.609003
0.644225
0.682937
0.72151
0.760971
0.778245
0.787319
0.792613
0.799146
0.803109
0.807179
0.810714
0.814707
0.818425
0.822602
0.826229
0.830329
0.834139
0.838056
0.842983
0.846961
0.850725
0.85556
0.860365
0.870861
0.87767
0.883622
0.893659
0.90232
0.906497
0.911852
0.916381
0.921323
0.924276
0.929846
0.935599
0.942653
0.946891
0.951435
0.953669
0.961151
0.971036
0.974937
0.978885
0.981624
0.984837
0.987851
0.991523
0.995639
