0.00752963
0.0179565
0.0321646
0.0464545
0.0582073
0.0720553
0.102959
0.147253
0.156371
0.15881
0.160708
0.162509
0.164293
0.166159
0.168042
0.171184
0.174196
0.176439
0.178845
0.180809
0.182839
0.184509
0.186015
0.187308
0.188764
0.189992
0.191744
0.193757
0.194968
0.204298
0.21065
0.213907
0.221289
0.2262
0.23098
0.237232
0.248952
0.260754
0.273849
0.28606
0.298861
0.310892
0.323889
0.341141
0.361193
0.378806
0.392555
0.407828
0.419793
0.434361
0.45497
0.47728
0.506826
0.555605
0.577097
0.602092
0.622045
0.644127
0.661183
0.678485
0.697227
0.718212
0.746088
0.781313
0.806145
0.814804
0.82361
0.828505
0.831762
0.836542
0.840634
0.845921
0.849031
0.85327
0.856806
0.859098
0.861553
0.86486
0.867299
0.869623
0.871898
0.875581
0.878544
0.882096
0.886057
0.889069
0.895289
0.898661
0.903817
0.908024
0.913589
0.924802
0.932675
0.938912
0.947833
0.952269
0.961206
0.971404
0.977493
