0.0108685
0.0228135
0.0403295
0.0569739
0.0740285
0.12051
0.150296
0.160959
0.165385
0.167265
0.169726
0.171383
0.173946
0.175655
0.177877
0.180987
0.183636
0.186387
0.189121
0.192659
0.194778
0.196589
0.19811
0.199665
0.201288
0.202792
0.205954
0.214378
0.22552
0.242729
0.257511
0.271233
0.286784
0.299805
0.312519
0.324977
0.338665
0.353925
0.372672
0.39487
0.415889
0.43197
0.442018
0.449195
0.462131
0.479972
0.501777
0.543816
0.568338
0.581941
0.591391
0.604874
0.631789
0.655662
0.675741
0.700178
0.723982
0.748197
0.77043
0.801651
0.826036
0.83793
0.84345
0.84967
0.855617
0.859821
0.862572
0.865819
0.869476
0.87221
0.874876
0.877525
0.880037
0.883284
0.88677
0.889436
0.892033
0.894511
0.897126
0.899843
0.902765
0.905294
0.908268
0.910933
0.914095
0.917307
0.920298
0.924382
0.928757
0.934448
0.943077
0.947025
0.952476
0.959551
0.965925
0.972419
0.980126
0.987833
0.994019
