0.01629
0.0287178
0.0537239
0.0783391
0.0912178
0.112903
0.147151
0.155521
0.159639
0.162464
0.165274
0.168535
0.171766
0.175237
0.178408
0.181188
0.18457
0.187786
0.19046
0.193556
0.196772
0.199733
0.202362
0.205037
0.208133
0.211695
0.216068
0.219945
0.223566
0.226482
0.229427
0.232643
0.236099
0.239556
0.243748
0.247265
0.251788
0.257844
0.274615
0.296721
0.320209
0.342029
0.364886
0.383806
0.40238
0.42109
0.43768
0.449176
0.464535
0.478255
0.49471
0.513164
0.531468
0.554896
0.572343
0.597319
0.608079
0.633175
0.661006
0.686358
0.715782
0.736941
0.761166
0.784023
0.811208
0.838378
0.848732
0.854773
0.859431
0.864135
0.868673
0.873407
0.878126
0.882634
0.887007
0.891335
0.895633
0.899976
0.904529
0.908602
0.913396
0.918295
0.922938
0.927371
0.93209
0.936583
0.941392
0.945435
0.949943
0.954286
0.95914
0.963393
0.967856
0.972139
0.976707
0.981516
0.985949
0.990457
0.995206
