0.0109974
0.0239447
0.0423829
0.0583565
0.073862
0.0982279
0.124528
0.152076
0.157068
0.161888
0.165008
0.166958
0.169064
0.171513
0.175147
0.177066
0.179188
0.182151
0.183711
0.185724
0.187502
0.190762
0.192618
0.194288
0.196815
0.199903
0.201884
0.205285
0.208483
0.209934
0.212149
0.22168
0.228855
0.235407
0.244143
0.255561
0.27428
0.286713
0.297055
0.306617
0.316679
0.327988
0.342339
0.357299
0.37399
0.399432
0.423034
0.444951
0.466306
0.478114
0.489049
0.505117
0.524678
0.563707
0.586045
0.610177
0.636945
0.660625
0.684008
0.710043
0.72781
0.747699
0.766122
0.788007
0.812295
0.85081
0.857268
0.864755
0.869248
0.873631
0.876689
0.879964
0.884051
0.886422
0.889355
0.892912
0.895283
0.898403
0.901491
0.903972
0.906764
0.909525
0.913003
0.915265
0.917558
0.920132
0.922519
0.92475
0.92709
0.929133
0.932378
0.936324
0.939023
0.942314
0.949895
0.955792
0.962765
0.971812
0.985337
