0.00836306
0.0156734
0.0250307
0.0323703
0.0409088
0.0491842
0.0563483
0.0632493
0.0712322
0.0777238
0.0843909
0.0923446
0.0989239
0.105094
0.112697
0.121352
0.127259
0.137026
0.1434
0.152933
0.163109
0.171589
0.18194
0.191766
0.200801
0.210977
0.22127
0.230511
0.241067
0.252412
0.262998
0.273905
0.286128
0.298058
0.310311
0.324727
0.333031
0.342271
0.351395
0.358647
0.366133
0.375139
0.383414
0.392245
0.400901
0.410287
0.419674
0.428241
0.438125
0.447833
0.456752
0.467162
0.478478
0.491169
0.509796
0.525265
0.537926
0.548775
0.563571
0.573718
0.586409
0.601731
0.609188
0.620621
0.62875
0.640125
0.64571
0.657641
0.670653
0.686122
0.694485
0.70393
0.71086
0.722089
0.732236
0.737645
0.741915
0.751009
0.767443
0.798555
0.834581
0.841277
0.859348
0.869875
0.87625
0.878853
0.887245
0.889146
0.900959
0.908971
0.918065
0.928037
0.937394
0.942716
0.951605
0.961021
0.972016
0.9869
0.992339
