0.0131376
0.0303778
0.0417867
0.0531035
0.0646046
0.0758983
0.0854634
0.0958582
0.10646
0.116717
0.12695
0.137299
0.146449
0.157282
0.167423
0.17791
0.189227
0.200797
0.211561
0.225252
0.242008
0.262867
0.283472
0.297163
0.308618
0.321317
0.334294
0.349782
0.361168
0.372669
0.384355
0.401756
0.428492
0.450135
0.46832
0.48397
0.499504
0.51202
0.522876
0.535045
0.547952
0.565976
0.573951
0.584438
0.602346
0.623343
0.654436
0.673888
0.681264
0.684952
0.697628
0.706179
0.723581
0.731233
0.735796
0.746376
0.749556
0.754788
0.759467
0.764791
0.77431
0.776892
0.781317
0.789614
0.794132
0.798949
0.805564
0.810727
0.813469
0.817388
0.820891
0.823242
0.829165
0.833706
0.839468
0.841865
0.851615
0.857008
0.865006
0.869961
0.880863
0.888192
0.899117
0.9067
0.911863
0.912854
0.92235
0.934404
0.938276
0.944891
0.949593
0.954733
0.961717
0.968055
0.977113
0.981308
0.985526
0.988798
0.992786
