0.0124263
0.0254633
0.0375445
0.0462535
0.0552812
0.0665923
0.0762838
0.0859487
0.095295
0.105571
0.118793
0.12883
0.142345
0.152753
0.162631
0.170968
0.184111
0.196033
0.20607
0.210637
0.216
0.218576
0.225479
0.234666
0.246508
0.255164
0.26151
0.264112
0.277229
0.291567
0.2994
0.305241
0.312039
0.315172
0.320456
0.324943
0.328766
0.335882
0.343582
0.350964
0.358876
0.366948
0.374011
0.385163
0.395598
0.406856
0.417344
0.424194
0.428681
0.435319
0.447586
0.455233
0.465323
0.474032
0.485264
0.493707
0.504222
0.51163
0.530057
0.535712
0.545324
0.561813
0.571743
0.590224
0.593144
0.602676
0.610961
0.618687
0.629069
0.638522
0.646169
0.657081
0.667038
0.67596
0.689209
0.706468
0.718762
0.727019
0.746349
0.756439
0.774574
0.779805
0.789177
0.800595
0.802507
0.816075
0.819792
0.82874
0.831607
0.851813
0.869258
0.888508
0.903802
0.927885
0.945728
0.95919
0.973289
0.979422
0.992619
