0.0103663
0.0174081
0.0252962
0.0316429
0.0423719
0.0476003
0.0557906
0.05978
0.0716272
0.0784877
0.0840184
0.0930247
0.0992505
0.107743
0.113153
0.120557
0.127236
0.131588
0.140413
0.145823
0.154558
0.160179
0.171391
0.173719
0.185173
0.192456
0.200526
0.206601
0.212071
0.218659
0.225429
0.233891
0.242928
0.252267
0.261696
0.269403
0.282006
0.293248
0.306909
0.311775
0.324498
0.338219
0.353693
0.360916
0.371343
0.377901
0.390051
0.397274
0.40755
0.414712
0.422842
0.429703
0.435989
0.445539
0.453729
0.461255
0.470624
0.477152
0.48504
0.491538
0.502176
0.508583
0.520189
0.526626
0.539047
0.550471
0.567668
0.583595
0.603119
0.619318
0.635155
0.651173
0.653046
0.658879
0.666133
0.678796
0.684871
0.694935
0.703578
0.710076
0.721682
0.727061
0.738334
0.744318
0.748126
0.758976
0.768103
0.778228
0.790015
0.805579
0.822927
0.840002
0.855779
0.869197
0.885245
0.920545
0.946446
0.979872
0.98102
