0.0131614
0.0248935
0.0355537
0.0452014
0.0538665
0.0676533
0.0790579
0.0924277
0.103088
0.108358
0.114314
0.119942
0.125212
0.130274
0.137331
0.142036
0.14823
0.155227
0.161391
0.167555
0.174404
0.18161
0.187386
0.193848
0.199923
0.203794
0.210404
0.217908
0.224935
0.230206
0.233779
0.242057
0.250752
0.26031
0.268826
0.277253
0.284072
0.291368
0.300271
0.307626
0.315159
0.322842
0.330107
0.338564
0.346485
0.354584
0.362624
0.372033
0.385761
0.398714
0.409165
0.418098
0.426436
0.435965
0.44728
0.458297
0.466069
0.475479
0.487747
0.499538
0.512581
0.521722
0.52872
0.537177
0.543698
0.55409
0.566686
0.583778
0.599738
0.624244
0.63157
0.647917
0.654885
0.660453
0.672364
0.682458
0.689128
0.698687
0.709555
0.717506
0.725665
0.736295
0.745347
0.752107
0.761814
0.773308
0.790311
0.804752
0.80907
0.823155
0.831135
0.845517
0.85183
0.865914
0.887026
0.911473
0.92389
0.949975
0.973886
