0.00915379
0.0200303
0.0330411
0.0422463
0.0519143
0.0612224
0.0701705
0.0804299
0.0939035
0.103494
0.110977
0.117379
0.122779
0.12769
0.133578
0.138901
0.144172
0.148749
0.153532
0.158134
0.162557
0.166491
0.171196
0.175053
0.178319
0.182022
0.187241
0.191818
0.195829
0.199635
0.205163
0.208609
0.212568
0.218071
0.222262
0.226608
0.229822
0.23661
0.253169
0.264508
0.278985
0.300044
0.321051
0.328328
0.33563
0.343987
0.353089
0.361549
0.370986
0.381759
0.395336
0.405595
0.418066
0.427528
0.437736
0.448459
0.457664
0.4662
0.477231
0.490525
0.505053
0.537374
0.562624
0.574323
0.582808
0.592039
0.601604
0.610013
0.614692
0.622689
0.633977
0.645651
0.660358
0.669949
0.678615
0.691034
0.704867
0.727495
0.749376
0.76051
0.769021
0.783343
0.801085
0.834383
0.852434
0.871487
0.889255
0.896403
0.906534
0.914196
0.92119
0.934869
0.939832
0.947186
0.956648
0.963616
0.970687
0.982515
0.989432
