0.0185195
0.0328975
0.0496979
0.0617837
0.0690248
0.0767868
0.0850959
0.0927016
0.10424
0.111247
0.123333
0.134143
0.141879
0.149849
0.15584
0.164305
0.172614
0.181314
0.188867
0.195952
0.201578
0.209028
0.218587
0.226532
0.232887
0.240206
0.245989
0.252422
0.262424
0.270525
0.278912
0.285476
0.292717
0.304673
0.318452
0.330095
0.344837
0.350698
0.355308
0.358747
0.365467
0.372239
0.378621
0.387633
0.394223
0.403209
0.410763
0.417952
0.426261
0.434934
0.441212
0.446056
0.452959
0.458507
0.464758
0.471921
0.47984
0.485388
0.491483
0.495598
0.50125
0.504897
0.5112
0.51456
0.521098
0.525057
0.532298
0.536466
0.548448
0.56767
0.592076
0.610362
0.635653
0.651933
0.662195
0.668238
0.67686
0.685846
0.69142
0.694702
0.699807
0.71033
0.72239
0.73544
0.740545
0.754141
0.767165
0.775161
0.785372
0.805741
0.814597
0.842728
0.875547
0.899667
0.914279
0.933892
0.951552
0.967311
0.984684
