0.0151801
0.0285387
0.0397157
0.0540638
0.068007
0.0779922
0.085571
0.0937345
0.102235
0.113188
0.123802
0.135272
0.144357
0.14935
0.153893
0.159628
0.166082
0.170782
0.176449
0.181779
0.185805
0.193406
0.20103
0.206675
0.213444
0.219179
0.225206
0.233189
0.239396
0.245716
0.251855
0.258737
0.266563
0.273827
0.279045
0.286061
0.294247
0.300814
0.306684
0.311137
0.318918
0.32544
0.333716
0.346849
0.362502
0.380088
0.391108
0.402195
0.412315
0.420793
0.42817
0.433792
0.443305
0.455134
0.469752
0.480075
0.489205
0.50054
0.508636
0.54129
0.558472
0.573674
0.579184
0.58321
0.590024
0.59776
0.604237
0.612738
0.621958
0.631629
0.638533
0.648338
0.656771
0.666959
0.674898
0.681554
0.689988
0.695183
0.704426
0.716817
0.728197
0.745176
0.760559
0.770611
0.782126
0.79418
0.811406
0.834053
0.844713
0.858589
0.877187
0.883866
0.890118
0.905208
0.919534
0.932555
0.9485
0.962353
0.981154
