0.00888217
0.0168364
0.0246845
0.0331159
0.037968
0.0438806
0.0537703
0.0619366
0.0676106
0.0740535
0.0823523
0.0879733
0.0974653
0.105234
0.113108
0.120904
0.129839
0.137448
0.145243
0.150228
0.159057
0.16672
0.174197
0.1817
0.190635
0.198006
0.205271
0.212695
0.221498
0.228868
0.235974
0.243796
0.252148
0.257106
0.26453
0.272272
0.281525
0.289506
0.299104
0.31191
0.326652
0.339219
0.354147
0.367457
0.385433
0.395615
0.405929
0.413273
0.423136
0.430931
0.43915
0.447317
0.456517
0.465479
0.474016
0.482792
0.493186
0.501114
0.511003
0.52076
0.532029
0.545047
0.558994
0.565569
0.588742
0.610537
0.636388
0.648823
0.663326
0.671174
0.681833
0.690052
0.699332
0.706968
0.712403
0.719085
0.73319
0.741356
0.752837
0.763098
0.769196
0.77662
0.787756
0.794119
0.801119
0.810425
0.820023
0.826652
0.847969
0.874881
0.900308
0.915341
0.93345
0.947396
0.95429
0.954926
0.959619
0.967043
0.992364
