0.0106323
0.0222359
0.0339927
0.0449829
0.0567909
0.0678066
0.0790267
0.08856
0.099269
0.10847
0.117518
0.126898
0.13661
0.143639
0.151715
0.15951
0.165056
0.176609
0.183791
0.191918
0.203701
0.208046
0.214972
0.230614
0.23869
0.246179
0.25055
0.260671
0.271737
0.279584
0.291264
0.300542
0.306727
0.312094
0.32035
0.328758
0.335966
0.342969
0.349128
0.359122
0.371671
0.382252
0.393754
0.40459
0.414507
0.426162
0.437586
0.449369
0.460359
0.472013
0.484665
0.495783
0.509738
0.52244
0.528932
0.536114
0.545596
0.563078
0.581327
0.593595
0.600189
0.607576
0.61624
0.625083
0.633364
0.643945
0.653274
0.664571
0.673031
0.679267
0.686628
0.698078
0.707637
0.719215
0.733706
0.743393
0.750575
0.75906
0.764862
0.773245
0.780913
0.790472
0.809027
0.838317
0.852425
0.880463
0.896028
0.92905
0.936538
0.941701
0.946634
0.954327
0.957113
0.961253
0.966161
0.97209
0.981189
0.988805
0.995195
