0.0191832
0.0358921
0.0600821
0.0817978
0.105027
0.126132
0.14351
0.167525
0.178325
0.187989
0.193316
0.19713
0.206998
0.210229
0.213169
0.214887
0.217215
0.221844
0.223445
0.224755
0.226152
0.22819
0.229209
0.230402
0.231945
0.233779
0.237447
0.239863
0.241667
0.243734
0.244986
0.246529
0.248828
0.250109
0.251448
0.253428
0.25497
0.257328
0.259162
0.261811
0.265217
0.266643
0.268099
0.269467
0.272174
0.27689
0.286875
0.295898
0.306844
0.316857
0.321602
0.328006
0.33377
0.338719
0.341542
0.344482
0.347597
0.349809
0.353128
0.355107
0.368789
0.392076
0.413879
0.438477
0.450674
0.467557
0.489768
0.505342
0.525165
0.549443
0.56423
0.579105
0.594824
0.609932
0.622304
0.637382
0.647687
0.656624
0.667918
0.679766
0.692661
0.705673
0.716036
0.726399
0.736588
0.746572
0.757401
0.76986
0.780863
0.796641
0.810759
0.822723
0.834687
0.854947
0.872355
0.921841
0.95523
0.978313
0.988793
