0.0389901
0.0641488
0.0902316
0.117
0.133186
0.140549
0.147822
0.149551
0.151131
0.152502
0.156229
0.160223
0.161654
0.163532
0.165082
0.166453
0.168003
0.17155
0.173011
0.174501
0.178555
0.180016
0.181566
0.184845
0.186246
0.187915
0.190419
0.192148
0.193967
0.195517
0.19966
0.201151
0.20273
0.205085
0.207202
0.208871
0.21054
0.213372
0.216025
0.217546
0.219006
0.220526
0.222732
0.226339
0.229082
0.231049
0.232569
0.234268
0.237696
0.240796
0.247384
0.255313
0.260381
0.264346
0.284168
0.28855
0.292724
0.29803
0.300683
0.303425
0.312099
0.316422
0.326587
0.336066
0.341521
0.34945
0.388023
0.409336
0.444004
0.465079
0.487972
0.496468
0.524876
0.552896
0.573166
0.596536
0.616449
0.63654
0.654008
0.67553
0.693236
0.707574
0.725698
0.743703
0.757802
0.778877
0.793484
0.811608
0.827973
0.855457
0.868602
0.886726
0.899872
0.905029
0.915462
0.923808
0.943512
0.961904
0.985692
