0.0370795
0.0610972
0.0897265
0.106973
0.129951
0.138722
0.144826
0.148105
0.150344
0.154342
0.156662
0.159007
0.1617
0.164232
0.166791
0.169643
0.171909
0.174175
0.176601
0.179133
0.181612
0.183931
0.18617
0.188836
0.190915
0.193155
0.195367
0.198033
0.200458
0.202671
0.204963
0.207229
0.209788
0.212561
0.21512
0.217465
0.220851
0.22357
0.226129
0.228368
0.230847
0.23314
0.235752
0.238204
0.240897
0.243322
0.246015
0.248894
0.25132
0.253879
0.256864
0.261076
0.264248
0.26806
0.271339
0.27707
0.284001
0.294797
0.31159
0.320494
0.326491
0.32993
0.332942
0.337821
0.357413
0.376313
0.397931
0.410593
0.420163
0.426667
0.440182
0.444954
0.466732
0.472544
0.480247
0.488991
0.498534
0.508077
0.517274
0.538786
0.553447
0.566775
0.583729
0.597803
0.612891
0.632324
0.658661
0.6786
0.697313
0.716399
0.729354
0.753825
0.796529
0.829477
0.848723
0.858613
0.895799
0.941035
0.978888
