0.00743167
0.0263042
0.0384296
0.0524373
0.0663717
0.0758324
0.0857087
0.0985186
0.114629
0.131741
0.13795
0.14196
0.147436
0.150222
0.156481
0.159536
0.163888
0.16731
0.172151
0.176624
0.180438
0.183518
0.186843
0.189214
0.19271
0.195717
0.198577
0.202049
0.205104
0.208234
0.211045
0.213978
0.216985
0.219894
0.222657
0.225664
0.228793
0.231995
0.234758
0.237936
0.241212
0.247103
0.250648
0.254975
0.260035
0.267662
0.272698
0.276928
0.282159
0.285362
0.289395
0.29404
0.30042
0.307241
0.314037
0.320222
0.326285
0.331223
0.336919
0.342395
0.351635
0.375373
0.404586
0.414047
0.423459
0.432748
0.4393
0.452379
0.459541
0.463355
0.472009
0.480296
0.48411
0.490759
0.495233
0.501002
0.506796
0.515646
0.532709
0.559747
0.587469
0.61392
0.640395
0.666528
0.69315
0.724686
0.754046
0.77859
0.803452
0.824745
0.847064
0.868063
0.88872
0.909647
0.931746
0.949738
0.963355
0.9768
0.988217
