0.0152372
0.0271245
0.0382906
0.0468514
0.0557843
0.0675553
0.0849559
0.0984484
0.11536
0.138926
0.153605
0.163863
0.170726
0.174029
0.177519
0.181264
0.187336
0.190406
0.194035
0.19906
0.20241
0.205364
0.209645
0.212483
0.216182
0.219322
0.222579
0.225836
0.228976
0.232326
0.235304
0.238212
0.241236
0.244306
0.247424
0.250192
0.253193
0.256217
0.259264
0.262498
0.265545
0.268523
0.27157
0.275246
0.278782
0.283062
0.28839
0.293949
0.299416
0.305883
0.313071
0.318166
0.324354
0.329495
0.333357
0.338893
0.345197
0.351897
0.358504
0.363226
0.367693
0.379487
0.391211
0.406681
0.422616
0.438551
0.452904
0.460604
0.46742
0.473957
0.482983
0.490102
0.496057
0.500081
0.504362
0.509317
0.519576
0.523926
0.528462
0.534952
0.538907
0.545165
0.557866
0.580966
0.609766
0.633005
0.661502
0.685882
0.709331
0.731058
0.765487
0.78982
0.807616
0.82825
0.845628
0.891874
0.918603
0.951962
0.975527
