0.0204403
0.0412275
0.0551301
0.0699666
0.0829887
0.0990527
0.121868
0.139613
0.151941
0.161254
0.168699
0.171821
0.175824
0.179613
0.183669
0.186684
0.1897
0.194209
0.197332
0.200507
0.204937
0.207979
0.211741
0.214863
0.218546
0.221855
0.225404
0.228552
0.231781
0.235197
0.238426
0.241628
0.244777
0.247925
0.251101
0.254356
0.257932
0.261027
0.264229
0.267645
0.270794
0.274797
0.280961
0.285817
0.292995
0.296704
0.301214
0.305537
0.312688
0.316958
0.322108
0.327738
0.332168
0.337985
0.342041
0.345751
0.349406
0.35469
0.35936
0.362855
0.372008
0.383642
0.39485
0.407712
0.419827
0.429993
0.43557
0.438612
0.445417
0.457932
0.465377
0.470607
0.477652
0.480907
0.486004
0.492889
0.496785
0.500387
0.504416
0.50962
0.512662
0.516664
0.52072
0.528032
0.562855
0.590714
0.621775
0.649206
0.677198
0.709219
0.738252
0.766511
0.788152
0.809713
0.827645
0.855664
0.88
0.917332
0.958212
