0.0254067
0.070093
0.109075
0.124287
0.13567
0.142695
0.147422
0.150935
0.155477
0.160363
0.163057
0.165778
0.169818
0.173252
0.175681
0.178349
0.181122
0.184714
0.18783
0.190286
0.193825
0.196995
0.200137
0.203122
0.205499
0.208457
0.210886
0.213871
0.216565
0.219364
0.221952
0.224805
0.227472
0.230219
0.233335
0.236161
0.239066
0.241971
0.244718
0.247702
0.251215
0.255837
0.258821
0.265265
0.272607
0.280768
0.285971
0.289404
0.297142
0.306016
0.311959
0.319037
0.322681
0.327224
0.330789
0.334011
0.339188
0.347665
0.364357
0.382527
0.405926
0.428481
0.43717
0.439943
0.447708
0.458668
0.465904
0.469839
0.477736
0.486953
0.489674
0.497121
0.500898
0.508953
0.512149
0.520943
0.528576
0.54392
0.554643
0.574583
0.596001
0.615941
0.635643
0.652282
0.668577
0.687857
0.705895
0.720605
0.739013
0.753645
0.766903
0.782696
0.806703
0.82828
0.868239
0.900539
0.929009
0.954521
0.974937
