0.0339973
0.0680868
0.107648
0.138079
0.157537
0.160058
0.164822
0.16888
0.171985
0.17469
0.177518
0.1801
0.182928
0.185325
0.187815
0.189967
0.192518
0.195254
0.197774
0.200111
0.20257
0.205183
0.207795
0.210039
0.212498
0.214896
0.217355
0.219691
0.22255
0.225071
0.227438
0.229712
0.232048
0.234477
0.236752
0.239241
0.241424
0.24416
0.246649
0.249016
0.251537
0.254211
0.256486
0.258822
0.261404
0.264017
0.26706
0.270073
0.275083
0.278741
0.285381
0.291405
0.297984
0.306375
0.312769
0.323804
0.330721
0.336991
0.343262
0.349963
0.353652
0.359523
0.363396
0.367915
0.377044
0.433112
0.486536
0.499385
0.507654
0.51291
0.516753
0.524745
0.529294
0.53704
0.540944
0.54325
0.545401
0.548537
0.5545
0.556713
0.55908
0.563046
0.57113
0.574142
0.597627
0.634606
0.665499
0.692549
0.719845
0.749816
0.775329
0.794295
0.821284
0.856726
0.894473
0.936309
0.950941
0.964712
0.980757
