0.00548401
0.0289752
0.0517571
0.0750846
0.105124
0.138219
0.144249
0.146377
0.151506
0.162147
0.164657
0.167385
0.168695
0.170577
0.172815
0.174124
0.175543
0.177289
0.178571
0.180345
0.181818
0.183155
0.184847
0.186838
0.190767
0.193659
0.195433
0.199252
0.201872
0.203236
0.205691
0.207492
0.209102
0.211257
0.215513
0.21726
0.221352
0.224708
0.226672
0.229019
0.234012
0.23644
0.238486
0.241515
0.243834
0.246153
0.247954
0.2509
0.252592
0.254966
0.261514
0.267598
0.271145
0.279248
0.292944
0.309042
0.315672
0.318946
0.329968
0.333051
0.337144
0.348794
0.379052
0.409582
0.438612
0.449252
0.452472
0.463685
0.477082
0.486658
0.489359
0.497435
0.499154
0.500573
0.509167
0.510477
0.514815
0.546655
0.568646
0.587935
0.609489
0.625996
0.645749
0.662201
0.675488
0.692104
0.711694
0.727218
0.747572
0.767107
0.785441
0.808005
0.824157
0.844456
0.85908
0.873731
0.886691
0.952554
0.98483
