0.014078
0.0266278
0.040289
0.0548532
0.0650875
0.074303
0.0837038
0.0947949
0.104913
0.116421
0.125359
0.139784
0.15201
0.164328
0.188224
0.197045
0.200797
0.20596
0.211031
0.216079
0.219691
0.22372
0.227748
0.231129
0.235876
0.239094
0.243841
0.248449
0.253635
0.257456
0.261299
0.266301
0.270677
0.274683
0.278388
0.281629
0.285496
0.288969
0.292465
0.2958
0.299273
0.302607
0.306335
0.311059
0.315273
0.321085
0.326619
0.331713
0.338196
0.345999
0.350676
0.357414
0.363481
0.370404
0.378045
0.384899
0.389807
0.394508
0.399532
0.40539
0.416875
0.430652
0.443758
0.460521
0.476359
0.497569
0.508614
0.516324
0.524243
0.533389
0.540891
0.547768
0.552491
0.557933
0.564532
0.571571
0.577244
0.582616
0.589793
0.598801
0.61098
0.628739
0.641752
0.659257
0.677387
0.69605
0.713022
0.73106
0.74963
0.774822
0.795684
0.812749
0.832569
0.855585
0.876401
0.894832
0.928267
0.960753
0.975479
