0.00905638
0.0161262
0.0216477
0.0263804
0.033158
0.0380368
0.0426234
0.0464797
0.054163
0.0588665
0.0638913
0.0682734
0.0723342
0.076541
0.0808063
0.0846918
0.0889571
0.0930178
0.0971078
0.101665
0.105609
0.109845
0.113935
0.117937
0.122261
0.126205
0.130353
0.134443
0.138446
0.142361
0.145983
0.149606
0.153491
0.157698
0.161613
0.165381
0.169179
0.173298
0.177184
0.18104
0.18513
0.189191
0.193252
0.197371
0.201198
0.205259
0.209202
0.213146
0.217412
0.221502
0.225504
0.229389
0.2331
0.237044
0.241309
0.24534
0.249722
0.254368
0.258195
0.26246
0.26693
0.272918
0.278849
0.290155
0.317645
0.344172
0.37137
0.39293
0.411919
0.436109
0.455507
0.468945
0.4844
0.500117
0.513409
0.52527
0.536576
0.54683
0.558487
0.569121
0.579346
0.592638
0.604499
0.616155
0.628104
0.643734
0.663804
0.676979
0.692258
0.707157
0.724803
0.740929
0.76804
0.789132
0.813672
0.842185
0.859451
0.928133
0.961379
