0.0024378
0.00443805
0.00812602
0.0103138
0.0122828
0.014158
0.0168771
0.0192212
0.0210651
0.0234404
0.0252844
0.0273472
0.0292537
0.0315664
0.0335354
0.0365046
0.0387548
0.0405363
0.0425678
0.0444743
0.0461308
0.048256
0.0501625
0.051944
0.053663
0.0576635
0.0595074
0.0612577
0.0634454
0.0654144
0.0671646
0.0690711
0.0713527
0.0731966
0.0756657
0.0776347
0.0798225
0.0819165
0.083823
0.0856982
0.0888236
0.0918552
0.0939492
0.096262
0.097981
0.100044
0.101856
0.103857
0.105701
0.10767
0.109795
0.111545
0.113295
0.115889
0.11764
0.119452
0.121953
0.124109
0.126078
0.128235
0.130173
0.131891
0.134079
0.136642
0.138986
0.14233
0.144206
0.148269
0.151113
0.154207
0.175209
0.200369
0.217027
0.233779
0.2515
0.269315
0.287723
0.305101
0.323322
0.341168
0.35967
0.37986
0.404332
0.435086
0.462808
0.50175
0.53366
0.577603
0.597637
0.620671
0.634829
0.655301
0.679585
0.716746
0.751875
0.791224
0.851731
0.918146
0.977341
