0.00812274
0.0128532
0.0163077
0.0198556
0.0228433
0.0272003
0.0311839
0.0344205
0.0375327
0.0411739
0.0441616
0.0475538
0.0511328
0.0543072
0.0576061
0.0606872
0.0642973
0.0674717
0.0708639
0.0740383
0.0774928
0.0805739
0.0838728
0.0873895
0.0909685
0.0944541
0.0976285
0.101363
0.104569
0.107899
0.11126
0.114683
0.118169
0.121468
0.124704
0.128314
0.131644
0.135161
0.138491
0.141666
0.145307
0.149135
0.152776
0.156137
0.159187
0.16261
0.16647
0.1698
0.173036
0.176055
0.180256
0.183867
0.188286
0.19451
0.203629
0.207581
0.214366
0.244056
0.265032
0.293197
0.314048
0.337327
0.360202
0.375016
0.386873
0.400847
0.41261
0.423441
0.435423
0.446409
0.459729
0.470185
0.480922
0.49334
0.50638
0.517677
0.530032
0.541672
0.556299
0.570366
0.584744
0.601083
0.614994
0.627568
0.640825
0.658876
0.677051
0.70005
0.715611
0.736462
0.774057
0.799483
0.830978
0.855658
0.88124
0.903492
0.930505
0.946409
0.978619
