0.00260054
0.00463574
0.00697245
0.00881921
0.0120981
0.0139449
0.0178269
0.0213319
0.0234048
0.0253646
0.0278521
0.030528
0.0326009
0.0348999
0.0374251
0.0395734
0.0417216
0.0436438
0.0460182
0.0480157
0.0505408
0.0525007
0.0558173
0.0581163
0.0615083
0.0633551
0.0657295
0.0675762
0.0696491
0.0725512
0.0756417
0.0776392
0.0795236
0.0815965
0.0834809
0.0858177
0.0878906
0.0899634
0.0918479
0.094373
0.0964836
0.098745
0.102137
0.104021
0.107489
0.109449
0.111635
0.113745
0.115705
0.117665
0.120228
0.122564
0.124826
0.128745
0.131534
0.133532
0.135454
0.138544
0.140655
0.144952
0.148381
0.150643
0.153808
0.156899
0.160555
0.166472
0.179738
0.188897
0.207402
0.227641
0.24494
0.263521
0.280594
0.299363
0.317529
0.337052
0.354728
0.371085
0.388196
0.415143
0.445068
0.482531
0.512456
0.542306
0.569404
0.599744
0.627935
0.659066
0.689481
0.727848
0.756643
0.803452
0.848453
0.871405
0.908567
0.936871
0.956469
0.975465
0.982399
