0.00171797
0.00336582
0.00487343
0.00652128
0.00806395
0.00981698
0.0114298
0.0131127
0.0146554
0.0168291
0.0183367
0.02023
0.0220181
0.0237711
0.0253839
0.0270668
0.0286446
0.0310637
0.0326415
0.0344296
0.0360774
0.0377603
0.0393381
0.041056
0.0425636
0.0441764
0.0465255
0.0480682
0.0501367
0.0519599
0.0540285
0.0556062
0.0583409
0.0598485
0.0624781
0.0647921
0.0672113
0.0688241
0.0709978
0.0726106
0.0753453
0.0770633
0.0793423
0.0815511
0.0834093
0.0851974
0.0872309
0.0890541
0.0931562
0.0952949
0.0989061
0.102587
0.119276
0.131793
0.142592
0.159771
0.174006
0.190414
0.206472
0.215974
0.227333
0.237922
0.250473
0.266987
0.277926
0.292616
0.309761
0.334584
0.353061
0.377112
0.391663
0.410841
0.423953
0.432789
0.4479
0.460697
0.473845
0.493374
0.513779
0.53166
0.56048
0.587371
0.613246
0.633616
0.65332
0.676636
0.701879
0.720426
0.734416
0.749246
0.78059
0.810322
0.840825
0.858285
0.898324
0.915819
0.935068
0.965605
0.985976
