0.00461914
0.00859101
0.0127688
0.0167407
0.0205655
0.0246256
0.0284504
0.0325105
0.0363353
0.0404543
0.0446027
0.0485451
0.0528406
0.0567831
0.0607844
0.0648151
0.0686104
0.0723175
0.0761129
0.0798788
0.0836153
0.087087
0.090647
0.0937951
0.0976787
0.101268
0.10474
0.108623
0.112419
0.115714
0.119009
0.122893
0.126364
0.129895
0.133779
0.137515
0.140987
0.145253
0.149136
0.153285
0.156668
0.16014
0.163406
0.166583
0.170084
0.173468
0.176587
0.180794
0.184442
0.187914
0.192003
0.196005
0.199741
0.203301
0.207126
0.211215
0.21504
0.219071
0.223013
0.236194
0.270411
0.300391
0.328371
0.353379
0.381947
0.399806
0.41434
0.430169
0.444055
0.455971
0.469593
0.479714
0.490335
0.502133
0.513313
0.526935
0.538674
0.550678
0.564006
0.578511
0.592662
0.609021
0.622172
0.638589
0.654771
0.671305
0.691959
0.726147
0.751979
0.783518
0.805643
0.838065
0.856365
0.878255
0.894613
0.913972
0.935509
0.955456
0.980611
