0.000862246
0.00184767
0.00459865
0.00558407
0.00656949
0.00734962
0.0083761
0.00936153
0.012441
0.0164648
0.0202833
0.0218436
0.0243071
0.0260727
0.0296038
0.0313693
0.0323137
0.0333402
0.0428249
0.056046
0.0665982
0.0727161
0.0794498
0.0873743
0.0954629
0.102156
0.109916
0.114966
0.122767
0.129665
0.137261
0.1442
0.151837
0.157832
0.165182
0.172737
0.179224
0.186615
0.192322
0.199507
0.209156
0.218928
0.226648
0.233669
0.240485
0.246808
0.256416
0.26627
0.280517
0.288976
0.298912
0.308643
0.315295
0.324902
0.336194
0.348717
0.363827
0.378444
0.390269
0.40542
0.421679
0.434326
0.449435
0.461671
0.476535
0.493451
0.506631
0.521987
0.534018
0.548512
0.566249
0.575816
0.585588
0.601642
0.616958
0.632683
0.647465
0.657401
0.673003
0.686019
0.692794
0.702813
0.712215
0.719031
0.723383
0.739807
0.75192
0.775282
0.80698
0.844796
0.853706
0.858263
0.864176
0.873948
0.890577
0.917922
0.941778
0.942476
0.961979
