0.00715173
0.0131713
0.0183626
0.0232224
0.0267569
0.030098
0.0334392
0.0367251
0.04037
0.0440701
0.0474389
0.0507525
0.0539832
0.0575728
0.0613834
0.0644208
0.0678172
0.0715449
0.0750242
0.0785586
0.0818722
0.0848543
0.0880298
0.0916747
0.094436
0.09786
0.101256
0.104018
0.107304
0.11059
0.114096
0.117134
0.120723
0.123954
0.126936
0.13036
0.134088
0.137181
0.140549
0.143863
0.146873
0.150048
0.153251
0.156813
0.160431
0.1638
0.166975
0.170095
0.173602
0.176584
0.180119
0.183101
0.186525
0.190004
0.193483
0.197018
0.200469
0.203617
0.207428
0.210962
0.214828
0.219826
0.22394
0.230954
0.235703
0.240066
0.244899
0.266575
0.290929
0.318017
0.344609
0.369156
0.392848
0.419605
0.43667
0.452133
0.463316
0.473837
0.48814
0.500041
0.512881
0.525639
0.540135
0.556675
0.568687
0.580478
0.593787
0.607373
0.624907
0.63968
0.656192
0.675853
0.696894
0.715367
0.751098
0.81966
0.878338
0.913296
0.962474
