0.00484268
0.00932969
0.0135431
0.0178933
0.0222435
0.0265116
0.0308071
0.03513
0.0392886
0.0436389
0.0479891
0.0519015
0.0563338
0.0603557
0.0642134
0.0679617
0.0718468
0.0761149
0.0801915
0.0836389
0.0878249
0.092093
0.0958687
0.0997264
0.103721
0.107332
0.111218
0.115048
0.11896
0.123283
0.127196
0.130698
0.134309
0.13814
0.14197
0.145253
0.148509
0.152394
0.156142
0.159425
0.163393
0.167469
0.171272
0.174966
0.178988
0.182654
0.186402
0.190397
0.194419
0.198495
0.202161
0.206019
0.209959
0.213516
0.217373
0.221122
0.22528
0.229275
0.233133
0.237346
0.24104
0.245089
0.249001
0.252996
0.257182
0.261231
0.265144
0.269466
0.274911
0.279699
0.297456
0.329713
0.360137
0.393516
0.423584
0.458878
0.483885
0.500848
0.522353
0.540301
0.561833
0.580356
0.598386
0.611929
0.628618
0.649001
0.665144
0.679644
0.695705
0.713078
0.727907
0.745746
0.763912
0.782572
0.832804
0.872312
0.915458
0.960821
0.976607
