0.00125562
0.00247074
0.00352384
0.00465794
0.00571105
0.00664263
0.00793876
0.00911337
0.010288
0.0113816
0.0123537
0.0135283
0.0146219
0.0155535
0.0168091
0.0177812
0.0187938
0.0199684
0.020981
0.0221556
0.0234112
0.0243428
0.0255174
0.0264895
0.0283527
0.0292843
0.0302969
0.0315525
0.0325246
0.0336587
0.0363725
0.0375066
0.0388432
0.0407469
0.0418
0.047511
0.0495767
0.0541132
0.057961
0.0615659
0.0767953
0.0812508
0.0869213
0.104135
0.12378
0.141804
0.155616
0.169792
0.182065
0.1945
0.207825
0.220017
0.228806
0.240633
0.254891
0.266758
0.283446
0.294382
0.308842
0.330431
0.350358
0.36737
0.388797
0.408279
0.429787
0.449836
0.476893
0.501276
0.522014
0.545911
0.570618
0.597635
0.616185
0.637207
0.662481
0.691239
0.712423
0.740492
0.759286
0.788327
0.793957
0.806351
0.810644
0.828061
0.838066
0.849447
0.85293
0.863988
0.868686
0.879866
0.887075
0.906477
0.907651
0.915995
0.931548
0.948115
0.973835
0.986958
0.995423
