0.0212048
0.0433376
0.0566961
0.0664548
0.0763541
0.0861691
0.0984589
0.106221
0.114208
0.12287
0.136875
0.149418
0.164407
0.175066
0.20018
0.214101
0.220372
0.223269
0.228078
0.23089
0.236656
0.239299
0.242618
0.245796
0.248411
0.25128
0.254879
0.256904
0.259717
0.261432
0.263513
0.266044
0.26835
0.270685
0.273075
0.275887
0.278559
0.282721
0.284999
0.287333
0.289752
0.292311
0.294617
0.296614
0.298611
0.300889
0.30342
0.305557
0.308707
0.311154
0.313769
0.316047
0.317819
0.319787
0.323387
0.325131
0.328309
0.330868
0.33444
0.338208
0.343355
0.347123
0.35151
0.357866
0.363294
0.391754
0.414197
0.432673
0.457562
0.486473
0.520417
0.536363
0.565049
0.589938
0.611564
0.628944
0.644693
0.661033
0.677147
0.68879
0.698352
0.710529
0.72085
0.735165
0.749536
0.759238
0.764779
0.775072
0.783031
0.797458
0.814332
0.831205
0.859328
0.889561
0.905225
0.933095
0.9516
0.963243
0.97933
