0.0484341
0.0751229
0.089896
0.105841
0.119271
0.131701
0.145645
0.158904
0.172534
0.187907
0.202652
0.22614
0.236941
0.239513
0.245485
0.248286
0.251486
0.255801
0.258201
0.260658
0.262859
0.266888
0.270317
0.272803
0.275289
0.278575
0.280489
0.282232
0.28449
0.286976
0.28949
0.291376
0.295377
0.297948
0.300577
0.30312
0.305635
0.307921
0.310664
0.312807
0.31515
0.318122
0.320122
0.322465
0.325123
0.327123
0.329752
0.331752
0.333895
0.336124
0.338067
0.341096
0.343525
0.345497
0.347697
0.350383
0.352697
0.354469
0.357527
0.359613
0.362299
0.36507
0.367356
0.3723
0.377215
0.382158
0.387473
0.394274
0.401617
0.417876
0.433764
0.456195
0.475511
0.502972
0.521317
0.53649
0.577066
0.596011
0.624557
0.644731
0.665133
0.679278
0.696422
0.715796
0.731141
0.748085
0.766088
0.781575
0.798834
0.814579
0.828838
0.861927
0.877557
0.900417
0.930363
0.948994
0.961196
0.97534
0.986484
