0.0225608
0.0549554
0.0667987
0.0734401
0.0867942
0.104723
0.120999
0.133298
0.143161
0.15412
0.163042
0.171978
0.180529
0.190363
0.199783
0.209332
0.219822
0.229983
0.239689
0.247841
0.254953
0.262164
0.268392
0.276501
0.282273
0.287133
0.290924
0.295214
0.299476
0.304378
0.310521
0.315851
0.32473
0.328735
0.339153
0.34645
0.361543
0.378559
0.389362
0.396688
0.400764
0.403871
0.407462
0.411097
0.414617
0.418251
0.421828
0.424992
0.428227
0.431377
0.434612
0.438175
0.44198
0.445686
0.449919
0.453938
0.457287
0.46085
0.4639
0.467349
0.471339
0.475643
0.47952
0.484009
0.488142
0.491135
0.494413
0.497007
0.500057
0.504361
0.508523
0.513853
0.52648
0.554827
0.580295
0.605108
0.640923
0.671707
0.695209
0.712211
0.724881
0.739575
0.752416
0.763846
0.775604
0.786235
0.795756
0.808697
0.821751
0.840521
0.863324
0.884773
0.909187
0.934113
0.952926
0.968446
0.975344
0.98294
0.990494
