0.0194732
0.0336522
0.051186
0.0647097
0.0743284
0.0844974
0.094352
0.10266
0.112148
0.119984
0.129053
0.137701
0.146429
0.155812
0.16682
0.174839
0.184799
0.200288
0.214991
0.221675
0.227362
0.233128
0.237033
0.242432
0.247779
0.252129
0.256061
0.260202
0.265942
0.269244
0.272599
0.27598
0.27978
0.283685
0.287669
0.291338
0.294981
0.299096
0.30266
0.307194
0.311414
0.315476
0.318648
0.322317
0.327218
0.331018
0.335002
0.339038
0.344149
0.347687
0.351723
0.356126
0.361787
0.366164
0.370069
0.374001
0.378928
0.387158
0.404324
0.424086
0.449876
0.475849
0.498362
0.511047
0.531516
0.549758
0.569519
0.583357
0.597956
0.612869
0.630193
0.643271
0.658813
0.672625
0.68662
0.702922
0.723575
0.737518
0.744988
0.753296
0.768078
0.782466
0.791928
0.801704
0.816171
0.82689
0.835434
0.851029
0.864788
0.874407
0.883921
0.894011
0.912672
0.925776
0.934137
0.946193
0.95838
0.967947
0.983593
