0.0156115
0.0332316
0.0465039
0.0604882
0.0723112
0.084058
0.091762
0.0989067
0.105314
0.111187
0.117417
0.123671
0.130867
0.143656
0.153242
0.16326
0.167201
0.170557
0.173837
0.17732
0.181083
0.184617
0.187389
0.190974
0.19433
0.197356
0.200636
0.203941
0.206534
0.209713
0.212204
0.215993
0.218357
0.221536
0.224511
0.227435
0.230689
0.233511
0.236791
0.239969
0.2433
0.246275
0.249123
0.251665
0.254055
0.256852
0.260615
0.263921
0.266565
0.270125
0.27343
0.277422
0.283168
0.28866
0.296262
0.308874
0.33908
0.359725
0.374142
0.387363
0.406916
0.422095
0.448385
0.461073
0.492474
0.511976
0.53402
0.54953
0.562014
0.572286
0.582914
0.591279
0.597915
0.607653
0.616451
0.625197
0.635444
0.643605
0.653852
0.663616
0.672184
0.68032
0.689931
0.70122
0.715942
0.729341
0.757946
0.78477
0.808391
0.828223
0.855098
0.870633
0.891889
0.91345
0.924892
0.938876
0.9642
0.975922
0.991482
