0.0416892
0.0631409
0.0771182
0.0888559
0.1
0.109093
0.118591
0.128251
0.140043
0.151835
0.162115
0.174906
0.201835
0.204803
0.211954
0.220777
0.22415
0.226821
0.231409
0.233297
0.237075
0.239665
0.241932
0.245359
0.24973
0.251889
0.253994
0.256449
0.258689
0.262196
0.265353
0.267404
0.268969
0.271236
0.275094
0.278359
0.280788
0.28327
0.286266
0.288478
0.291096
0.293443
0.295791
0.298597
0.300621
0.302482
0.304641
0.307285
0.310092
0.312358
0.314949
0.320804
0.326983
0.328467
0.33327
0.339665
0.341743
0.346789
0.3619
0.374717
0.39034
0.404722
0.420642
0.439504
0.457798
0.483081
0.514058
0.528171
0.547814
0.560496
0.579358
0.59436
0.610281
0.624096
0.639045
0.654965
0.668133
0.68211
0.69428
0.708473
0.721668
0.736508
0.748084
0.783189
0.812089
0.825553
0.842121
0.865138
0.88184
0.900863
0.914166
0.921964
0.951997
0.959822
0.971182
0.975148
0.977793
0.984053
0.990097
