0.0118494
0.0306961
0.0391571
0.0519689
0.0786952
0.103938
0.123586
0.13704
0.151235
0.165551
0.176438
0.185239
0.193961
0.204547
0.214051
0.22181
0.231554
0.241278
0.247995
0.25393
0.264917
0.273378
0.304996
0.313277
0.319372
0.325808
0.329477
0.332485
0.335833
0.339061
0.342229
0.345377
0.349226
0.352815
0.356123
0.359872
0.362519
0.365166
0.367732
0.371261
0.374008
0.377236
0.380704
0.384193
0.387461
0.390849
0.394137
0.396724
0.400052
0.40312
0.405185
0.408694
0.411521
0.413846
0.417074
0.419941
0.423691
0.426919
0.429946
0.432653
0.436482
0.447269
0.467479
0.480151
0.491699
0.509203
0.527749
0.553312
0.580079
0.60063
0.607787
0.618835
0.628017
0.631125
0.646183
0.658092
0.67754
0.685721
0.696327
0.706171
0.716597
0.727163
0.734742
0.745369
0.756035
0.765839
0.775543
0.784125
0.793267
0.803834
0.813999
0.82675
0.841667
0.868313
0.883812
0.903882
0.921205
0.952803
0.969204
