0.0408198
0.0587253
0.0735821
0.0888502
0.102715
0.111498
0.119217
0.130565
0.140026
0.147116
0.154133
0.162166
0.169473
0.176176
0.182443
0.188032
0.194009
0.20935
0.222779
0.229167
0.233861
0.238555
0.242039
0.24683
0.251016
0.254186
0.257186
0.260235
0.262873
0.266018
0.268607
0.271341
0.274898
0.278141
0.280972
0.284021
0.287045
0.290191
0.292852
0.295466
0.297909
0.300305
0.302894
0.306548
0.310105
0.313298
0.317001
0.320727
0.324235
0.327647
0.331349
0.335584
0.338899
0.344173
0.347513
0.351505
0.35782
0.36249
0.367257
0.372169
0.376476
0.38209
0.391913
0.40423
0.42666
0.44684
0.473892
0.490321
0.507259
0.524293
0.561072
0.581567
0.590496
0.600295
0.608764
0.616241
0.624952
0.631461
0.637582
0.646801
0.655125
0.663594
0.674192
0.682007
0.695751
0.705043
0.722464
0.745161
0.760308
0.773979
0.785497
0.803959
0.813153
0.830139
0.852666
0.874226
0.898568
0.940549
0.973747
