0.0200089
0.0414015
0.054237
0.061453
0.0710317
0.0781413
0.0867409
0.0999596
0.109751
0.12744
0.143532
0.156517
0.169416
0.183295
0.197343
0.212584
0.224717
0.234381
0.241363
0.251474
0.259392
0.271696
0.279359
0.286085
0.291726
0.296771
0.300539
0.303157
0.307499
0.311245
0.315034
0.318632
0.321803
0.32523
0.328998
0.332595
0.336022
0.339024
0.342025
0.345005
0.348581
0.351434
0.355308
0.359011
0.362396
0.366164
0.36942
0.373507
0.377147
0.380808
0.384661
0.38713
0.390259
0.39441
0.39822
0.40218
0.405585
0.408204
0.412865
0.416569
0.421231
0.425424
0.430426
0.446604
0.463058
0.480917
0.495051
0.512335
0.541731
0.561953
0.586986
0.611252
0.631644
0.650078
0.662998
0.676707
0.68852
0.700845
0.713766
0.725707
0.744567
0.762553
0.779178
0.796675
0.810064
0.835352
0.847953
0.856383
0.866962
0.887503
0.900126
0.908981
0.924264
0.933587
0.945784
0.960493
0.970774
0.981949
0.989996
