0.02544
0.0541534
0.0663853
0.078531
0.0929451
0.102105
0.112958
0.124616
0.136331
0.147156
0.157665
0.169093
0.181382
0.194906
0.215924
0.229075
0.236914
0.240991
0.243202
0.244925
0.246648
0.249347
0.253568
0.256066
0.258162
0.260746
0.262411
0.263933
0.266546
0.268556
0.270623
0.274356
0.276395
0.278721
0.280874
0.28297
0.28521
0.287134
0.288856
0.290522
0.292819
0.294944
0.29859
0.301002
0.302696
0.304878
0.307692
0.310535
0.313205
0.315502
0.317828
0.319809
0.322422
0.325696
0.328883
0.330807
0.332874
0.335171
0.338559
0.344216
0.355069
0.365751
0.383266
0.397221
0.408993
0.421196
0.437247
0.457605
0.474948
0.503173
0.527751
0.547966
0.58805
0.609125
0.629311
0.644758
0.657909
0.671031
0.686766
0.69627
0.708301
0.719959
0.727998
0.739168
0.749533
0.762598
0.775117
0.786172
0.799351
0.808252
0.818761
0.834353
0.868952
0.899073
0.911304
0.930255
0.960289
0.974072
0.987653
