0.0440925
0.0850395
0.116085
0.139183
0.165165
0.197867
0.234682
0.27682
0.308945
0.343899
0.366085
0.374367
0.380323
0.385553
0.391435
0.397223
0.403402
0.40973
0.416282
0.42235
0.428492
0.43549
0.447234
0.464116
0.483063
0.511037
0.527137
0.534637
0.540258
0.545526
0.550923
0.555986
0.560899
0.565534
0.570466
0.575398
0.580573
0.585374
0.589972
0.594625
0.59952
0.604508
0.609719
0.614856
0.619696
0.625354
0.630267
0.635609
0.6411
0.647409
0.677487
0.702018
0.732504
0.760665
0.770399
0.777044
0.781976
0.787522
0.793125
0.798262
0.803082
0.807754
0.812407
0.817228
0.822216
0.826906
0.831838
0.836547
0.841665
0.846542
0.851251
0.856071
0.860911
0.865694
0.87031
0.875037
0.879579
0.884641
0.889443
0.894245
0.899196
0.903886
0.908912
0.913769
0.918795
0.923411
0.928734
0.933517
0.938449
0.943326
0.948425
0.953134
0.958104
0.962831
0.968099
0.97344
0.979136
0.985371
0.991699
