0.0388868
0.0584884
0.0770615
0.0925094
0.106573
0.125898
0.147536
0.18939
0.214372
0.232154
0.264058
0.315466
0.323833
0.332002
0.338054
0.343869
0.350021
0.357201
0.363946
0.37613
0.398402
0.423225
0.453053
0.469885
0.475384
0.480329
0.485234
0.490318
0.495124
0.500049
0.504816
0.509722
0.514251
0.519335
0.524181
0.529046
0.533457
0.538343
0.543169
0.547995
0.553039
0.558004
0.562909
0.568388
0.574401
0.594735
0.632336
0.674763
0.710307
0.741816
0.749669
0.755642
0.760488
0.76567
0.77198
0.77736
0.782622
0.788536
0.793619
0.798149
0.803845
0.808533
0.813161
0.818304
0.824357
0.829539
0.834444
0.839389
0.844117
0.848804
0.853809
0.858477
0.863125
0.867872
0.872303
0.87703
0.882093
0.886801
0.891232
0.896196
0.900785
0.905255
0.910319
0.915462
0.920347
0.925312
0.929842
0.934628
0.939375
0.944202
0.949206
0.953716
0.958522
0.963408
0.967779
0.972427
0.977154
0.982574
0.989635
