0.0397236
0.0692313
0.0903245
0.114701
0.142248
0.167263
0.188448
0.218275
0.253871
0.299273
0.339703
0.372175
0.385492
0.393086
0.399653
0.405514
0.411625
0.417417
0.423734
0.430438
0.437211
0.444462
0.451919
0.465122
0.481472
0.499624
0.52302
0.533259
0.539712
0.545345
0.550453
0.556336
0.5619
0.56735
0.573028
0.578706
0.58427
0.58915
0.594326
0.599663
0.605455
0.610243
0.61542
0.621052
0.626365
0.632043
0.637676
0.643172
0.649009
0.654801
0.660251
0.666271
0.68212
0.711491
0.735001
0.747246
0.758899
0.76517
0.770666
0.776344
0.782318
0.787973
0.793309
0.798759
0.804346
0.810321
0.815429
0.82081
0.826055
0.831619
0.837092
0.842405
0.848038
0.853419
0.858368
0.863156
0.868835
0.874307
0.879552
0.885093
0.890589
0.895834
0.900851
0.906209
0.912161
0.917634
0.92354
0.928876
0.934896
0.940483
0.946298
0.951771
0.95681
0.962671
0.968873
0.975099
0.980936
0.988598
0.994459
