0.0234772
0.039324
0.0517068
0.0683066
0.0858936
0.102192
0.120532
0.141315
0.160007
0.176238
0.197942
0.217738
0.252928
0.302175
0.35589
0.396151
0.462952
0.505338
0.513387
0.518641
0.524364
0.530355
0.535793
0.541667
0.547105
0.553313
0.560592
0.567135
0.57321
0.584086
0.594896
0.606576
0.620766
0.63494
0.648963
0.654987
0.660107
0.664023
0.667888
0.671536
0.675469
0.679886
0.683534
0.687885
0.69155
0.695348
0.698946
0.702477
0.706058
0.710107
0.714073
0.717637
0.721352
0.725017
0.728916
0.732547
0.736111
0.739843
0.743725
0.748109
0.752493
0.757296
0.762533
0.76911
0.784287
0.80845
0.830187
0.854301
0.860124
0.866382
0.870298
0.874816
0.88007
0.88499
0.889207
0.894645
0.899297
0.903347
0.907631
0.911563
0.915997
0.919913
0.923946
0.927861
0.93161
0.935643
0.939592
0.94406
0.947607
0.951138
0.955003
0.958785
0.962801
0.967319
0.972825
0.977912
0.983116
0.988521
0.993608
