0.00694692
0.0162532
0.0296789
0.0715476
0.106001
0.134856
0.169516
0.214624
0.260238
0.318172
0.34405
0.353338
0.361052
0.367606
0.374515
0.381556
0.388896
0.396386
0.403502
0.410842
0.41953
0.428125
0.452561
0.474001
0.48312
0.490066
0.497575
0.503698
0.510027
0.515944
0.521168
0.526561
0.532141
0.537141
0.543264
0.548132
0.552701
0.557513
0.562307
0.56725
0.572849
0.578092
0.583541
0.589963
0.596967
0.606516
0.626496
0.665181
0.682764
0.690909
0.697051
0.703698
0.709128
0.714427
0.719446
0.724726
0.730007
0.735493
0.740773
0.747627
0.752327
0.756989
0.762925
0.768074
0.773167
0.778317
0.78356
0.788597
0.793315
0.798296
0.803146
0.807902
0.812995
0.817751
0.82232
0.827039
0.83187
0.836832
0.841569
0.846175
0.8508
0.855575
0.860219
0.866155
0.87063
0.875873
0.880947
0.886396
0.892482
0.897556
0.903792
0.908941
0.917405
0.925831
0.931411
0.938208
0.945061
0.958936
0.97562
