0.0512047
0.112433
0.150178
0.180992
0.239146
0.283306
0.334339
0.377009
0.384551
0.390641
0.398812
0.40475
0.410325
0.41548
0.421207
0.427431
0.43377
0.439746
0.445263
0.452194
0.488507
0.539406
0.546184
0.551014
0.555023
0.559281
0.563672
0.567433
0.571614
0.576101
0.580282
0.584673
0.58872
0.59294
0.597656
0.602333
0.606629
0.610791
0.615411
0.619573
0.623888
0.628107
0.632594
0.637214
0.642674
0.648459
0.657413
0.729085
0.777807
0.783554
0.788804
0.793616
0.797969
0.802302
0.806312
0.810588
0.814731
0.818798
0.82296
0.82716
0.831055
0.835255
0.839799
0.843808
0.847856
0.851693
0.856008
0.860056
0.864466
0.868533
0.872752
0.876628
0.880522
0.884589
0.888503
0.892436
0.896598
0.900741
0.904445
0.908874
0.913036
0.917198
0.92115
0.925465
0.929627
0.933598
0.93776
0.941922
0.946142
0.950514
0.954427
0.958418
0.96237
0.966494
0.970675
0.975047
0.980011
0.986426
0.992879
