0.046944
0.0823466
0.116771
0.150876
0.205507
0.239712
0.272419
0.329586
0.350412
0.358519
0.36443
0.369681
0.374493
0.379964
0.389809
0.395699
0.408398
0.461832
0.512969
0.522394
0.529582
0.535173
0.541623
0.54913
0.554901
0.558216
0.564186
0.568399
0.571494
0.575608
0.579142
0.582796
0.587448
0.591182
0.601246
0.606937
0.621074
0.666121
0.704119
0.74068
0.748467
0.752641
0.756494
0.760368
0.765101
0.769374
0.772968
0.77758
0.781514
0.784888
0.788662
0.792456
0.79613
0.799345
0.8022
0.805275
0.808111
0.811166
0.814021
0.816957
0.820032
0.823107
0.825862
0.828737
0.831633
0.834588
0.837703
0.840558
0.843693
0.846489
0.849344
0.852419
0.855574
0.858569
0.861724
0.864759
0.867834
0.871089
0.874304
0.877538
0.881013
0.883868
0.887642
0.891196
0.894331
0.897306
0.900881
0.904235
0.908688
0.911703
0.915537
0.918971
0.922166
0.92596
0.930193
0.934786
0.940117
0.951119
0.958128
