0.0366177
0.0654699
0.0911444
0.123301
0.167494
0.21474
0.250158
0.300202
0.334358
0.340818
0.346879
0.354518
0.360621
0.365735
0.370323
0.374532
0.378425
0.38316
0.387348
0.391578
0.395745
0.400059
0.405025
0.411465
0.417168
0.459994
0.509975
0.540153
0.546004
0.54895
0.551917
0.555074
0.559388
0.566122
0.569174
0.572772
0.576119
0.580033
0.583442
0.587062
0.589924
0.593249
0.596111
0.599099
0.602403
0.607159
0.611032
0.614315
0.617745
0.621849
0.629761
0.64142
0.680058
0.713246
0.754809
0.76169
0.768845
0.772086
0.775454
0.779052
0.782188
0.785639
0.790332
0.794604
0.797635
0.800644
0.805779
0.808915
0.81165
0.815333
0.820005
0.824572
0.829412
0.833495
0.838566
0.842018
0.845132
0.848584
0.851761
0.855318
0.8614
0.864472
0.86906
0.871817
0.876257
0.879246
0.882129
0.885391
0.888484
0.891536
0.898186
0.902374
0.907635
0.914769
0.922408
0.932531
0.947725
0.968475
0.985058
