0.0458817
0.061539
0.0771588
0.0951844
0.110409
0.125973
0.140032
0.15834
0.178565
0.233318
0.279313
0.323898
0.382392
0.402616
0.411075
0.418217
0.424458
0.430303
0.436093
0.441374
0.446656
0.45346
0.459738
0.465415
0.472125
0.487688
0.509191
0.540205
0.565975
0.572178
0.579189
0.583775
0.589376
0.594527
0.598831
0.603925
0.608661
0.613304
0.618304
0.622759
0.627345
0.631706
0.635972
0.640446
0.645295
0.649957
0.654919
0.659825
0.665445
0.672193
0.681666
0.706421
0.738732
0.761513
0.792113
0.799707
0.805703
0.810327
0.815533
0.820232
0.825007
0.829179
0.83433
0.838521
0.842656
0.847374
0.851791
0.856528
0.861565
0.866452
0.871227
0.875775
0.880531
0.885211
0.889591
0.894064
0.898406
0.90271
0.90694
0.911
0.91536
0.919477
0.923762
0.927973
0.932409
0.936769
0.940867
0.945585
0.949645
0.954062
0.958705
0.963065
0.967482
0.972144
0.976674
0.981316
0.986241
0.990677
0.995094
