0.0516298
0.0866112
0.118552
0.148239
0.18298
0.232203
0.268694
0.320433
0.357668
0.377642
0.386852
0.395121
0.400547
0.405272
0.409954
0.414504
0.418989
0.424174
0.428943
0.434194
0.438941
0.444498
0.44942
0.454933
0.462109
0.479217
0.532312
0.581558
0.589696
0.594706
0.599694
0.605819
0.614811
0.619558
0.624043
0.629271
0.633363
0.637388
0.64126
0.645089
0.651739
0.656727
0.662765
0.668541
0.675716
0.688121
0.699584
0.736622
0.779895
0.784752
0.793371
0.797156
0.800678
0.806126
0.810151
0.813717
0.818639
0.821768
0.825487
0.828025
0.831962
0.835878
0.838744
0.841763
0.845832
0.848873
0.852439
0.855655
0.858915
0.861562
0.864581
0.867556
0.870597
0.873551
0.876854
0.879961
0.883242
0.888208
0.893481
0.899694
0.904069
0.907898
0.912492
0.917217
0.920499
0.923387
0.927718
0.930781
0.935703
0.94137
0.946598
0.951717
0.95548
0.960906
0.967622
0.971691
0.97611
0.981339
0.986196
