0.0401172
0.0481501
0.0533006
0.057506
0.0594197
0.0630345
0.0667202
0.0683032
0.0701933
0.072296
0.0758635
0.0763124
0.0777536
0.0794783
0.0815811
0.0849832
0.0854085
0.0867079
0.0875821
0.0898738
0.0908898
0.0937721
0.0940793
0.0945282
0.0958985
0.0973869
0.0995842
0.102537
0.102963
0.104428
0.105963
0.109247
0.111019
0.11135
0.11246
0.113264
0.116122
0.119454
0.120233
0.122525
0.12751
0.128054
0.130842
0.136087
0.15331
0.173723
0.193829
0.209918
0.216912
0.224566
0.22778
0.234017
0.240609
0.248193
0.251406
0.257714
0.264495
0.271275
0.275504
0.280938
0.286892
0.290034
0.297264
0.298942
0.305864
0.307683
0.314747
0.318788
0.326561
0.338114
0.407315
0.418962
0.424514
0.427869
0.429429
0.430681
0.431791
0.433658
0.43439
0.435642
0.436162
0.436635
0.437532
0.438123
0.438903
0.439399
0.440391
0.441454
0.442376
0.444242
0.446629
0.457426
0.464136
0.482682
0.584227
0.61161
0.641686
0.666423
0.694254
