0.0418359
0.0488851
0.0554555
0.0676768
0.0820627
0.0952609
0.105988
0.113478
0.121983
0.128917
0.134932
0.140085
0.144912
0.149663
0.154892
0.16175
0.16696
0.173128
0.178664
0.185101
0.190081
0.195177
0.200157
0.205138
0.21052
0.2187
0.224523
0.229772
0.234446
0.239158
0.244272
0.248448
0.250977
0.253391
0.257624
0.258543
0.2627
0.266665
0.267872
0.271627
0.272393
0.273734
0.276665
0.277661
0.280649
0.283637
0.287143
0.331296
0.34482
0.349533
0.352444
0.354245
0.35708
0.359015
0.360719
0.362348
0.363574
0.365183
0.366275
0.36796
0.368784
0.370029
0.371159
0.372519
0.374148
0.378074
0.381867
0.38635
0.392288
0.411654
0.433032
0.452724
0.478507
0.493276
0.506877
0.509367
0.514999
0.523925
0.52973
0.535074
0.539422
0.543905
0.550264
0.554613
0.559421
0.5676
0.574898
0.582771
0.591104
0.599322
0.607904
0.617117
0.644587
0.718317
0.726898
0.735231
0.743564
0.760995
0.780764
