0.0167243
0.0237729
0.0260156
0.0312059
0.0319962
0.0339399
0.0363535
0.0394934
0.0411594
0.0431458
0.0463711
0.0468837
0.048272
0.0489555
0.0506856
0.0539322
0.0542954
0.0556837
0.0572002
0.0590158
0.061109
0.061707
0.0632663
0.0668546
0.0681575
0.0696527
0.0729847
0.0746294
0.0751848
0.0764877
0.0807168
0.0811654
0.0818061
0.0841557
0.0875945
0.0880003
0.0903285
0.0941091
0.0953266
0.100367
0.102183
0.107459
0.113845
0.11816
0.126533
0.149921
0.171131
0.185036
0.192127
0.19924
0.206352
0.214597
0.224978
0.232325
0.237985
0.242108
0.246337
0.251442
0.256867
0.258469
0.263531
0.265112
0.269725
0.272032
0.276176
0.279422
0.285766
0.300419
0.324661
0.370733
0.376714
0.38372
0.387116
0.388889
0.396279
0.405314
0.491456
0.528664
0.538724
0.54855
0.552523
0.559464
0.564569
0.570123
0.575227
0.580418
0.584198
0.59067
0.593105
0.597334
0.601457
0.604597
0.609167
0.614144
0.621171
0.625486
0.635397
0.706801
0.750139
