0.0731939
0.085788
0.0953094
0.108852
0.114125
0.118677
0.125391
0.132883
0.137435
0.142898
0.149593
0.157654
0.173283
0.20291
0.221478
0.234395
0.244656
0.253741
0.266506
0.272727
0.277128
0.281262
0.287541
0.288963
0.294312
0.295639
0.300723
0.301311
0.303833
0.307513
0.308082
0.313165
0.313791
0.314341
0.319348
0.320012
0.320581
0.324678
0.326195
0.326461
0.326992
0.331848
0.33253
0.333043
0.334901
0.338391
0.338884
0.339434
0.344423
0.345125
0.345769
0.349127
0.351554
0.352294
0.358079
0.370161
0.40195
0.407299
0.409499
0.410864
0.413159
0.416517
0.417882
0.41957
0.421163
0.421865
0.422946
0.423439
0.424483
0.426797
0.428352
0.429262
0.430249
0.430837
0.431804
0.433663
0.434971
0.435806
0.437096
0.438594
0.440567
0.442046
0.444967
0.447641
0.45153
0.455892
0.463441
0.480075
0.553345
0.586935
0.60247
0.615234
0.628815
0.643723
0.740626
0.76092
0.773647
0.79379
0.82702
