0.0790198
0.0900101
0.0969573
0.102955
0.106619
0.109561
0.113262
0.115749
0.118995
0.121462
0.124689
0.127328
0.129435
0.132927
0.134047
0.137046
0.139438
0.141791
0.145018
0.146784
0.150846
0.152763
0.157318
0.162766
0.165139
0.169409
0.175427
0.185202
0.205778
0.235484
0.241634
0.249264
0.257559
0.263349
0.269745
0.275402
0.27935
0.282444
0.286924
0.289619
0.292504
0.294023
0.297496
0.298597
0.301141
0.303457
0.304216
0.306399
0.30879
0.309474
0.311125
0.313801
0.314409
0.315472
0.317484
0.319363
0.319875
0.321337
0.324564
0.325285
0.325722
0.326842
0.330201
0.330828
0.331378
0.335687
0.336351
0.336826
0.34085
0.341932
0.34235
0.346431
0.347531
0.350056
0.353587
0.358958
0.362698
0.37198
0.414289
0.423362
0.427216
0.429569
0.430746
0.433536
0.435757
0.436422
0.438092
0.440882
0.444679
0.451493
0.458041
0.468424
0.506691
0.544768
0.601048
0.626198
0.646527
0.762314
0.796917
