0.0734978
0.0795239
0.0817407
0.0845601
0.0881973
0.088843
0.0909952
0.0942881
0.0968707
0.0989799
0.102596
0.105286
0.10634
0.108988
0.113184
0.113701
0.115035
0.116929
0.12132
0.121772
0.122181
0.123687
0.125839
0.129713
0.130208
0.131586
0.134685
0.137827
0.138322
0.139657
0.145532
0.146049
0.147361
0.149836
0.154055
0.155475
0.159866
0.162448
0.167936
0.172176
0.179063
0.203792
0.235214
0.24335
0.250495
0.251959
0.258738
0.259814
0.262741
0.26668
0.267971
0.271414
0.274987
0.281185
0.283359
0.289019
0.296014
0.302664
0.305591
0.309702
0.311983
0.315857
0.316589
0.317859
0.320786
0.322508
0.323347
0.325026
0.32862
0.329309
0.330342
0.332236
0.335442
0.336928
0.341921
0.345364
0.358213
0.432249
0.438167
0.440341
0.443117
0.454588
0.491736
0.541086
0.581633
0.593556
0.602445
0.607008
0.613959
0.619749
0.625194
0.629993
0.637892
0.646285
0.656853
0.669701
0.687005
0.782757
0.806409
