0.0565148
0.0699943
0.0771701
0.0812139
0.0851785
0.090828
0.0928103
0.097429
0.0999861
0.104407
0.107103
0.11071
0.11301
0.116875
0.119631
0.123377
0.128749
0.131504
0.13537
0.14096
0.144112
0.148552
0.154023
0.16667
0.191944
0.218665
0.234484
0.241858
0.248082
0.253652
0.258985
0.26285
0.265586
0.269887
0.274546
0.275715
0.279699
0.281444
0.284893
0.28858
0.292644
0.296291
0.300454
0.303645
0.308502
0.312665
0.31546
0.318413
0.320852
0.324816
0.326501
0.32995
0.331179
0.335243
0.336908
0.340754
0.343806
0.350962
0.372054
0.417607
0.41951
0.420144
0.422424
0.424426
0.427419
0.428291
0.429124
0.429758
0.431146
0.432157
0.432989
0.434218
0.437033
0.440363
0.442524
0.447698
0.453902
0.463318
0.491883
0.50338
0.510159
0.516701
0.52461
0.536504
0.545265
0.557595
0.565901
0.57494
0.586457
0.593732
0.60069
0.605408
0.615755
0.623724
0.632466
0.642793
0.659306
0.67893
0.780066
