0.03123
0.0384352
0.0427893
0.0465024
0.0479169
0.0499282
0.0518289
0.0552547
0.0555642
0.0565808
0.0581722
0.0597193
0.0614654
0.0640071
0.0644491
0.0652448
0.0664825
0.0676097
0.06898
0.0722732
0.0725826
0.0728478
0.0737319
0.074395
0.0755885
0.0769367
0.0783512
0.0808266
0.0809592
0.081998
0.0828379
0.0862195
0.089159
0.0892695
0.0902862
0.0906841
0.0923859
0.0946624
0.0974693
0.0976461
0.0986849
0.0994806
0.10284
0.105868
0.106929
0.108498
0.114112
0.115217
0.12313
0.131396
0.139839
0.148812
0.164924
0.181368
0.187159
0.18948
0.192728
0.196552
0.201613
0.205548
0.211869
0.214631
0.220621
0.225285
0.228511
0.235098
0.238148
0.243651
0.247895
0.252558
0.258791
0.264206
0.266416
0.26951
0.273246
0.27455
0.280362
0.28191
0.287877
0.289402
0.29537
0.298641
0.30421
0.343706
0.380705
0.389082
0.393325
0.399005
0.404067
0.416842
0.487413
0.550271
0.568748
0.589369
0.608686
0.63165
0.654967
0.745187
0.773014
