0.0790131
0.0855873
0.0908436
0.093081
0.0961152
0.0973565
0.100222
0.100743
0.101693
0.102521
0.103946
0.105341
0.106153
0.106873
0.107624
0.109677
0.110122
0.110873
0.111654
0.112298
0.114122
0.114704
0.115455
0.115838
0.116619
0.117616
0.119025
0.119531
0.120144
0.120558
0.121493
0.123561
0.12419
0.124818
0.125799
0.127117
0.128649
0.129293
0.130258
0.131116
0.132817
0.13366
0.134442
0.135606
0.137737
0.138763
0.141981
0.145092
0.158195
0.173412
0.187403
0.202038
0.212367
0.220765
0.225439
0.23068
0.235783
0.240227
0.244533
0.247659
0.249238
0.25123
0.252655
0.254095
0.256471
0.260241
0.264256
0.267888
0.270845
0.276377
0.281388
0.290031
0.300743
0.305157
0.311808
0.36719
0.374638
0.376661
0.378255
0.379419
0.381963
0.38463
0.388905
0.391924
0.39764
0.406651
0.448962
0.532143
0.565275
0.581105
0.591909
0.599847
0.607999
0.626052
0.713355
0.727791
0.736373
0.748142
0.758961
