0.0660622
0.0732116
0.0760674
0.0802412
0.0821784
0.0842952
0.0870512
0.0882294
0.0895475
0.0904661
0.0920038
0.0948796
0.0954987
0.096637
0.0976555
0.102089
0.102488
0.103287
0.104945
0.109278
0.109658
0.110097
0.111395
0.112753
0.116448
0.116607
0.117227
0.118624
0.12174
0.123677
0.124536
0.130487
0.130886
0.132264
0.137497
0.137876
0.140672
0.144526
0.146483
0.151496
0.156409
0.166014
0.175181
0.186045
0.195151
0.207094
0.220434
0.22297
0.231318
0.23631
0.244179
0.25029
0.258697
0.266126
0.27675
0.282702
0.288473
0.293965
0.299637
0.30403
0.306586
0.311679
0.316372
0.31737
0.322043
0.323062
0.326057
0.328394
0.329233
0.33129
0.333846
0.335583
0.338938
0.339897
0.341235
0.34459
0.345589
0.348005
0.35164
0.393558
0.41872
0.423813
0.427847
0.429844
0.4323
0.433678
0.434956
0.436194
0.436973
0.439929
0.444981
0.45285
0.45922
0.470184
0.522447
0.558034
0.595818
0.631525
0.76375
