0.0525138
0.0599919
0.0675653
0.0750673
0.0770678
0.0842125
0.091905
0.0996928
0.107028
0.110958
0.115554
0.122342
0.129844
0.137417
0.147443
0.163471
0.175189
0.182238
0.188811
0.194503
0.195932
0.1986
0.203077
0.203791
0.206054
0.210222
0.210912
0.212103
0.217152
0.217343
0.218057
0.220748
0.224416
0.22513
0.226678
0.231418
0.23218
0.23349
0.238634
0.23942
0.241682
0.246017
0.246827
0.250113
0.253376
0.256139
0.261521
0.268427
0.272857
0.278668
0.288171
0.320703
0.409631
0.42404
0.433971
0.441378
0.446998
0.450427
0.454357
0.460287
0.468694
0.471362
0.478887
0.481459
0.488914
0.489985
0.495344
0.499774
0.504275
0.508967
0.51211
0.518707
0.52066
0.527733
0.529496
0.533949
0.538593
0.542047
0.548382
0.552954
0.558099
0.559766
0.567244
0.568673
0.573293
0.577747
0.581009
0.58763
0.589774
0.597395
0.599633
0.607635
0.616495
0.617709
0.627212
0.656077
0.665936
0.67663
0.698421
