0.0299524
0.0301774
0.0303381
0.0304988
0.0323306
0.0355444
0.0427111
0.0429682
0.0431289
0.0433218
0.0449929
0.0472426
0.051549
0.0555341
0.0557591
0.0559198
0.0560805
0.0569482
0.0584265
0.06389
0.0683893
0.0686142
0.0687749
0.0689677
0.0692248
0.0704782
0.0714745
0.074624
0.0784805
0.0815979
0.0818871
0.0821442
0.0824335
0.0836868
0.0858401
0.0897609
0.0950315
0.0954493
0.0958992
0.0977953
0.0996915
0.10358
0.108786
0.110811
0.122188
0.133533
0.139542
0.153008
0.175408
0.190224
0.196008
0.201633
0.201858
0.203047
0.204396
0.205875
0.20941
0.214906
0.21632
0.219662
0.22805
0.2294
0.232228
0.241323
0.243605
0.253857
0.256042
0.258934
0.269026
0.272914
0.283359
0.296086
0.303992
0.31389
0.326809
0.386746
0.484831
0.486631
0.490327
0.500996
0.504756
0.519026
0.520729
0.535577
0.537441
0.552706
0.554699
0.570093
0.576006
0.587736
0.603548
0.607083
0.623024
0.640571
0.646291
0.659886
0.676308
0.693887
0.711852
