0.0121914
0.0560721
0.0598485
0.0647743
0.0692691
0.0718141
0.0770683
0.0782998
0.0834513
0.0838824
0.085237
0.0898754
0.0901012
0.09162
0.0946165
0.0965047
0.098003
0.101574
0.102867
0.104448
0.109004
0.109476
0.111097
0.115387
0.116064
0.117645
0.121832
0.123391
0.127907
0.128605
0.131026
0.134331
0.135829
0.138005
0.140775
0.142294
0.146379
0.147076
0.149539
0.150709
0.1527
0.154014
0.156251
0.15857
0.16013
0.162531
0.16483
0.168524
0.173204
0.183302
0.193728
0.210168
0.221846
0.229953
0.23728
0.246167
0.257045
0.263428
0.268169
0.271453
0.274963
0.278862
0.283993
0.288242
0.293968
0.302999
0.314451
0.344273
0.463723
0.474376
0.482154
0.49059
0.498964
0.51056
0.521007
0.528642
0.535414
0.542906
0.547442
0.553743
0.562055
0.567473
0.571886
0.577838
0.582435
0.589639
0.595325
0.600558
0.608214
0.616526
0.619769
0.626993
0.634977
0.639287
0.647456
0.654783
0.663568
0.673912
0.704903
