0.0132759
0.0281803
0.0621567
0.0667384
0.0725622
0.08156
0.0890674
0.0924347
0.101432
0.111893
0.120615
0.128509
0.136817
0.142199
0.14725
0.15426
0.158869
0.167315
0.181116
0.194944
0.212994
0.229334
0.240457
0.248047
0.25078
0.251083
0.251718
0.253429
0.25503
0.261461
0.261654
0.262317
0.262565
0.263062
0.26331
0.264414
0.267285
0.269521
0.271977
0.272087
0.272419
0.272943
0.273385
0.27355
0.274433
0.275234
0.27896
0.282769
0.283155
0.28368
0.284149
0.284535
0.285584
0.288372
0.29058
0.29334
0.293506
0.294168
0.294334
0.294803
0.295079
0.295879
0.296845
0.299881
0.304435
0.304739
0.305401
0.305871
0.307113
0.308852
0.315448
0.315752
0.316497
0.317077
0.318291
0.320085
0.32693
0.327813
0.329662
0.333609
0.338495
0.34062
0.348735
0.371174
0.409622
0.487676
0.504678
0.511578
0.521929
0.529988
0.53791
0.549336
0.563523
0.581463
0.602109
0.625956
0.656399
0.709172
0.788054
