0.0509961
0.0767193
0.0817527
0.0876603
0.0899385
0.0970647
0.0983363
0.104509
0.107184
0.109277
0.114814
0.116457
0.11847
0.124298
0.125649
0.126417
0.129782
0.133543
0.134895
0.135583
0.137305
0.142604
0.14422
0.144988
0.14663
0.152008
0.153651
0.154498
0.158949
0.166419
0.175321
0.187056
0.194553
0.203772
0.210925
0.216488
0.222025
0.223853
0.230502
0.233045
0.239615
0.247033
0.25098
0.257073
0.260703
0.264835
0.272783
0.27371
0.277021
0.28232
0.290373
0.295486
0.30195
0.309871
0.318083
0.334322
0.365741
0.430433
0.454514
0.458859
0.46625
0.46882
0.47674
0.478065
0.480105
0.488211
0.490172
0.492053
0.500689
0.502384
0.504345
0.512901
0.514623
0.516796
0.52212
0.526518
0.527843
0.532796
0.538333
0.539949
0.543817
0.550731
0.552506
0.55436
0.557063
0.56297
0.56509
0.567235
0.57513
0.577249
0.579474
0.588534
0.59174
0.601409
0.605145
0.616006
0.628166
0.643027
0.670711
