0.0528061
0.0581066
0.0582483
0.0586735
0.0598639
0.0603175
0.0620465
0.0673469
0.0678005
0.0679989
0.0691327
0.0700113
0.0720522
0.0748866
0.0778912
0.0795635
0.082483
0.0869331
0.0873583
0.0875567
0.0887755
0.0895975
0.0917234
0.0944728
0.096712
0.0969671
0.0973923
0.0987528
0.0993197
0.101899
0.106491
0.106831
0.108418
0.110601
0.115561
0.115703
0.115873
0.116213
0.11695
0.117744
0.118367
0.122336
0.125567
0.132766
0.140193
0.146315
0.153373
0.161678
0.170181
0.178401
0.187103
0.195862
0.204563
0.205839
0.213209
0.214087
0.215306
0.217404
0.222024
0.223413
0.225368
0.230641
0.232001
0.233872
0.239512
0.241723
0.248214
0.250368
0.257143
0.260062
0.266582
0.268991
0.275822
0.282029
0.284949
0.2928
0.298299
0.31199
0.333333
0.383475
0.451672
0.467177
0.47483
0.48322
0.494841
0.502381
0.509637
0.521712
0.530215
0.538237
0.552183
0.567914
0.580187
0.588634
0.602069
0.622534
0.648838
0.669586
0.758107
