0.0192957
0.0250406
0.0264317
0.0278229
0.0297035
0.0337739
0.0383337
0.0440529
0.0444135
0.0448257
0.045985
0.0468351
0.0478914
0.0493598
0.0509571
0.0538682
0.0644821
0.0705103
0.0718757
0.0728289
0.0743746
0.0774661
0.0793724
0.0798877
0.0813046
0.0831594
0.0873071
0.0880027
0.0899091
0.10382
0.113352
0.120514
0.130767
0.143107
0.15841
0.187753
0.196203
0.19999
0.206121
0.211608
0.214777
0.222634
0.23111
0.239972
0.248809
0.253729
0.259165
0.268259
0.279053
0.291882
0.336038
0.386351
0.39207
0.399773
0.402453
0.412087
0.414689
0.41961
0.425097
0.428395
0.432208
0.436999
0.438931
0.441327
0.44496
0.450267
0.451684
0.453796
0.456527
0.463122
0.464281
0.466136
0.46915
0.476183
0.477265
0.478965
0.481593
0.488626
0.490326
0.492413
0.495324
0.50246
0.504392
0.506943
0.510575
0.515831
0.518227
0.522297
0.528686
0.531133
0.535332
0.541876
0.545277
0.554345
0.558261
0.571579
0.583224
0.660226
0.742793
