0.0301891
0.0384048
0.039101
0.0411619
0.0436127
0.0487092
0.0492105
0.0506586
0.0514941
0.0532208
0.0555045
0.05893
0.0594035
0.0608795
0.0616314
0.063191
0.0642215
0.0688167
0.0693458
0.06968
0.0703762
0.0716295
0.0720751
0.0735511
0.0746373
0.0773944
0.0794274
0.0798452
0.0802351
0.0816275
0.0821567
0.0835492
0.085248
0.0894533
0.0908458
0.102069
0.119837
0.13056
0.145821
0.161668
0.171861
0.180967
0.186315
0.191606
0.196925
0.203693
0.211602
0.221572
0.229454
0.236778
0.246971
0.262901
0.298688
0.39956
0.405381
0.414682
0.420364
0.426519
0.42844
0.431559
0.435096
0.440109
0.441919
0.443757
0.446041
0.448548
0.453644
0.455621
0.457877
0.460634
0.466455
0.468544
0.470827
0.473028
0.475005
0.480631
0.484279
0.48698
0.493692
0.495976
0.499067
0.502019
0.507895
0.511265
0.514524
0.520316
0.521542
0.524605
0.527891
0.534548
0.538669
0.547498
0.552371
0.561061
0.565405
0.574958
0.582143
0.600913
0.693291
