0.0523956
0.0613402
0.0678245
0.0738918
0.0802927
0.0841708
0.0898003
0.0955131
0.101893
0.106042
0.109399
0.115404
0.117781
0.122284
0.127247
0.128789
0.131
0.13517
0.136108
0.140069
0.142113
0.144531
0.148055
0.152433
0.168196
0.179726
0.186356
0.197948
0.209603
0.214295
0.217193
0.220299
0.221217
0.223615
0.226346
0.227034
0.227826
0.230683
0.232059
0.233268
0.237355
0.238126
0.240253
0.243297
0.24828
0.249322
0.254326
0.256057
0.260102
0.265064
0.267483
0.271736
0.276886
0.282557
0.288291
0.294567
0.307452
0.354009
0.440682
0.448751
0.452546
0.458384
0.461324
0.466995
0.470268
0.476315
0.48405
0.486948
0.493578
0.496622
0.50271
0.506067
0.511655
0.514094
0.520287
0.521871
0.529398
0.531733
0.538635
0.540136
0.547704
0.549101
0.556899
0.558254
0.566011
0.567136
0.572266
0.576102
0.5795
0.585755
0.593908
0.59543
0.603791
0.609274
0.614466
0.622618
0.628873
0.637109
0.689066
