0.0154073
0.0318581
0.0785096
0.0793997
0.080658
0.0856915
0.0934872
0.096096
0.104321
0.106255
0.109999
0.117519
0.118992
0.121325
0.125008
0.130164
0.131207
0.133387
0.13664
0.141735
0.143361
0.145234
0.148886
0.153735
0.15527
0.15705
0.159996
0.165429
0.166257
0.167055
0.167546
0.169848
0.177245
0.178872
0.180836
0.185962
0.189522
0.192376
0.200356
0.203149
0.212295
0.223283
0.242312
0.246762
0.255386
0.256123
0.256276
0.257719
0.261095
0.266098
0.266865
0.26754
0.2684
0.270702
0.276564
0.277392
0.278467
0.27951
0.283347
0.287766
0.28927
0.294365
0.298201
0.300104
0.307655
0.308453
0.309956
0.314376
0.318857
0.320852
0.329016
0.331932
0.340648
0.351544
0.375545
0.408385
0.504665
0.513351
0.518691
0.527132
0.529403
0.535725
0.542355
0.543275
0.546038
0.553803
0.559327
0.562488
0.574029
0.576054
0.585262
0.592812
0.598735
0.61003
0.624701
0.631392
0.647781
0.682401
0.72451
