0.0538562
0.0914513
0.140097
0.143251
0.143731
0.144553
0.145637
0.146925
0.148036
0.148872
0.149434
0.149805
0.150284
0.150504
0.151011
0.151464
0.152286
0.152862
0.153013
0.153232
0.153726
0.153904
0.154233
0.154439
0.154672
0.155152
0.155481
0.155947
0.156262
0.156386
0.156509
0.156674
0.157099
0.158017
0.158813
0.159608
0.16054
0.161102
0.161719
0.162062
0.162391
0.162707
0.16309
0.163255
0.163419
0.16379
0.164228
0.165531
0.165654
0.165764
0.166162
0.166861
0.1673
0.167505
0.167615
0.167711
0.167807
0.16793
0.168287
0.168465
0.169027
0.169891
0.170549
0.171029
0.171152
0.171276
0.171413
0.171715
0.171989
0.172249
0.172441
0.172743
0.17299
0.173319
0.174416
0.174882
0.176568
0.177213
0.178885
0.180819
0.183286
0.184575
0.209049
0.252074
0.268499
0.296853
0.312141
0.321862
0.336107
0.438486
0.452211
0.459203
0.470282
0.482567
0.749736
0.782011
0.793995
0.807184
0.818921
