0.0353888
0.0413922
0.045302
0.0481497
0.0509513
0.0567699
0.0638354
0.0968536
0.138954
0.142079
0.143341
0.14408
0.145219
0.146774
0.147928
0.148513
0.148729
0.149067
0.149837
0.150391
0.151699
0.152254
0.152484
0.153008
0.154409
0.154963
0.155609
0.156364
0.157041
0.157272
0.15758
0.158026
0.158796
0.159365
0.16112
0.161705
0.162644
0.163367
0.163829
0.164183
0.166446
0.167093
0.167508
0.167708
0.167893
0.168847
0.169986
0.170294
0.17071
0.171372
0.172095
0.172496
0.173881
0.174481
0.174912
0.175897
0.176975
0.177791
0.178391
0.178945
0.179407
0.179869
0.180577
0.180762
0.1813
0.182132
0.183763
0.188212
0.249246
0.254987
0.265131
0.266932
0.272443
0.277384
0.280217
0.28682
0.295841
0.306431
0.324333
0.414645
0.428006
0.449095
0.637184
0.690075
0.763192
0.783403
0.789807
0.793809
0.799212
0.80363
0.805723
0.80814
0.810095
0.815913
0.822178
0.830229
0.83574
0.840696
0.846484
