0.0136089
0.0220514
0.0292654
0.0380859
0.0756993
0.103705
0.123567
0.126811
0.128922
0.130103
0.131033
0.1316
0.1336
0.134482
0.135585
0.136735
0.13831
0.139696
0.143602
0.145303
0.145587
0.145839
0.146516
0.149115
0.152895
0.156723
0.162535
0.167386
0.237635
0.241998
0.243148
0.247338
0.24885
0.253197
0.254032
0.25545
0.259844
0.260569
0.261671
0.266554
0.269137
0.27632
0.28166
0.287535
0.289078
0.294764
0.301537
0.30705
0.309728
0.316012
0.324093
0.33326
0.346743
0.436807
0.44484
0.453976
0.473822
0.505308
0.605469
0.620385
0.644279
0.668
0.686082
0.701518
0.713741
0.734611
0.749307
0.776273
0.810185
0.850271
0.856414
0.861753
0.862919
0.863817
0.86566
0.870747
0.873393
0.876071
0.876969
0.877583
0.878701
0.879505
0.881537
0.883002
0.88664
0.891192
0.893381
0.895224
0.896169
0.898847
0.902517
0.904612
0.906029
0.90751
0.910755
0.916425
0.920331
0.9246
0.93279
