0.0438215
0.0610196
0.0761215
0.0915601
0.115797
0.127134
0.131587
0.13379
0.134815
0.136208
0.136606
0.138243
0.139819
0.140936
0.142971
0.144072
0.144348
0.144531
0.144899
0.145771
0.146689
0.147041
0.14727
0.148433
0.148632
0.148923
0.149076
0.149229
0.149367
0.149994
0.150193
0.1503
0.150484
0.150973
0.151187
0.151402
0.151906
0.152014
0.152136
0.153421
0.154079
0.155196
0.155625
0.156191
0.156772
0.157048
0.157675
0.157858
0.158027
0.159052
0.159343
0.159725
0.160995
0.162189
0.163474
0.165004
0.165693
0.166335
0.166871
0.167192
0.168355
0.169426
0.169747
0.170757
0.173205
0.241018
0.244063
0.252203
0.252463
0.253075
0.2543
0.268927
0.276271
0.277373
0.288941
0.289874
0.291848
0.303997
0.306368
0.319848
0.39037
0.413719
0.426724
0.440587
0.576703
0.592631
0.607488
0.620586
0.635688
0.654569
0.673817
0.695942
0.722076
0.781229
0.798381
0.80594
0.812886
0.820001
0.831293
