0.0299712
0.0308878
0.0346527
0.036486
0.0386139
0.0391377
0.0423951
0.046209
0.0468801
0.0482387
0.0506122
0.0521672
0.0544588
0.0550318
0.0572743
0.0586001
0.0616284
0.062234
0.0640182
0.0701565
0.0771623
0.0941531
0.116005
0.151918
0.157991
0.161772
0.163753
0.165079
0.167223
0.169318
0.172265
0.174671
0.176406
0.177585
0.179091
0.18058
0.181922
0.184263
0.184983
0.186326
0.187046
0.188715
0.189583
0.192071
0.25789
0.263177
0.265305
0.26889
0.270068
0.274717
0.275028
0.275617
0.276845
0.279693
0.281559
0.283016
0.28863
0.288974
0.290054
0.292968
0.295669
0.296242
0.297764
0.302478
0.303018
0.304099
0.309615
0.310204
0.311563
0.316588
0.317046
0.317652
0.32397
0.324331
0.325018
0.331189
0.331893
0.336607
0.339144
0.34615
0.353581
0.439026
0.444936
0.451892
0.46155
0.481536
0.59358
0.614745
0.635582
0.650985
0.665455
0.680122
0.708145
0.771476
0.833432
0.848393
0.859049
0.86558
0.871734
