0.0358541
0.0390326
0.0451132
0.0611132
0.0909635
0.119862
0.148253
0.151693
0.152722
0.155547
0.155885
0.157374
0.157712
0.15891
0.160138
0.161121
0.162073
0.162226
0.162749
0.163378
0.164008
0.164192
0.164883
0.165712
0.166065
0.166925
0.167432
0.16777
0.167908
0.168015
0.168107
0.168184
0.168353
0.168537
0.168676
0.169797
0.170764
0.171854
0.172514
0.173451
0.173973
0.174449
0.175094
0.175294
0.175601
0.176783
0.177167
0.17815
0.17838
0.178595
0.178764
0.178948
0.179179
0.180223
0.181651
0.18294
0.183969
0.184445
0.186119
0.186856
0.187378
0.189021
0.190173
0.191908
0.19633
0.25342
0.258503
0.262449
0.267378
0.272154
0.27848
0.285651
0.290549
0.295417
0.300868
0.306718
0.312691
0.320154
0.328568
0.336752
0.348745
0.44347
0.453497
0.459747
0.466411
0.47805
0.500484
0.681935
0.700146
0.711309
0.719893
0.729228
0.742234
0.767094
0.829727
0.842365
0.852944
0.860207
0.881428
