0.036006
0.0382105
0.0405858
0.0415086
0.0432858
0.0455245
0.0462593
0.0478827
0.0501042
0.0507707
0.0524454
0.0549745
0.0557094
0.0589562
0.0609214
0.0695512
0.105045
0.148006
0.161813
0.171998
0.17868
0.183602
0.189378
0.191599
0.197136
0.273933
0.276035
0.280751
0.281828
0.286049
0.28692
0.287382
0.289039
0.291346
0.29297
0.293175
0.293465
0.294371
0.29567
0.299275
0.299532
0.299771
0.300591
0.301309
0.305752
0.306094
0.306367
0.307478
0.309067
0.312605
0.312861
0.313117
0.314399
0.317441
0.319697
0.319953
0.320278
0.32144
0.323131
0.32484
0.326566
0.326874
0.327198
0.328343
0.329967
0.333846
0.334188
0.334444
0.335435
0.336375
0.339537
0.341656
0.341912
0.342407
0.343809
0.348952
0.34938
0.349687
0.351892
0.356642
0.358078
0.364076
0.371595
0.471923
0.486329
0.517926
0.644537
0.667214
0.681705
0.696469
0.712447
0.722479
0.735483
0.759288
0.841109
0.861444
0.875713
0.883984
0.897177
