0.0444518
0.0542198
0.0571652
0.0610123
0.0767011
0.110573
0.141591
0.15477
0.158662
0.160105
0.161232
0.161833
0.16329
0.163831
0.164808
0.165755
0.166597
0.167273
0.169332
0.171165
0.172112
0.173013
0.174381
0.174817
0.176199
0.177191
0.178093
0.178483
0.178829
0.17916
0.17934
0.17946
0.179641
0.180272
0.182105
0.183352
0.183563
0.184915
0.185231
0.185952
0.186253
0.188071
0.188898
0.189393
0.190896
0.192189
0.193376
0.195705
0.197163
0.199011
0.201851
0.207637
0.263435
0.268063
0.271925
0.276389
0.281227
0.285601
0.289147
0.290965
0.294933
0.295894
0.299095
0.300628
0.304956
0.305557
0.308443
0.310201
0.311734
0.314619
0.317579
0.320269
0.324252
0.32631
0.329647
0.332637
0.335883
0.339956
0.3449
0.346478
0.350355
0.355674
0.362677
0.438958
0.455864
0.461123
0.471583
0.480314
0.512939
0.690355
0.720365
0.735709
0.756492
0.826821
0.869079
0.879959
0.889021
0.903042
0.916296
