0.0294824
0.0336474
0.037438
0.0379996
0.0415094
0.0459239
0.0476866
0.0524912
0.0574049
0.0620691
0.0668112
0.0760615
0.0993199
0.11272
0.128584
0.149565
0.155243
0.163807
0.166521
0.169157
0.170452
0.172652
0.176692
0.178969
0.182604
0.185458
0.190232
0.194678
0.199888
0.207906
0.270942
0.274576
0.275793
0.279958
0.280348
0.281206
0.283218
0.286089
0.287087
0.291907
0.292765
0.294403
0.298318
0.299442
0.304075
0.304589
0.305697
0.309363
0.310704
0.311765
0.315602
0.316913
0.31802
0.321717
0.322965
0.323698
0.327348
0.329486
0.331825
0.335569
0.336724
0.341637
0.342105
0.346286
0.348392
0.353243
0.355271
0.361089
0.364506
0.368187
0.37307
0.376704
0.464434
0.465432
0.470533
0.472327
0.478146
0.484728
0.49192
0.505085
0.628334
0.649814
0.671762
0.693648
0.710168
0.727295
0.742317
0.755857
0.771488
0.805166
0.862462
0.873772
0.880542
0.887483
0.894362
0.900992
0.912941
0.920975
0.924406
