0.0498883
0.0568103
0.0626982
0.0707785
0.106257
0.142908
0.152698
0.159331
0.163936
0.167397
0.168087
0.168749
0.170321
0.172224
0.17374
0.175133
0.175464
0.175905
0.176581
0.177215
0.177532
0.177739
0.179022
0.179532
0.180759
0.181062
0.182207
0.182676
0.183269
0.183668
0.185502
0.187129
0.18855
0.190218
0.192121
0.194962
0.255564
0.266567
0.270001
0.272483
0.274606
0.277006
0.279887
0.28128
0.283473
0.285734
0.288864
0.290326
0.293194
0.294407
0.297455
0.298709
0.301881
0.303108
0.306224
0.306803
0.308141
0.310954
0.311919
0.314332
0.31589
0.317104
0.319999
0.321185
0.324453
0.325515
0.327473
0.329597
0.332216
0.334836
0.339125
0.343978
0.349839
0.35774
0.44228
0.457696
0.460771
0.463735
0.471802
0.477152
0.482047
0.486956
0.491892
0.496608
0.501448
0.506536
0.511569
0.516547
0.518698
0.523441
0.531825
0.682579
0.715314
0.736797
0.757412
0.809506
0.863366
0.884449
0.906277
