0.0524667
0.0665923
0.0777972
0.0862939
0.0947108
0.100234
0.104588
0.107748
0.109713
0.112687
0.115342
0.118023
0.121714
0.12429
0.128618
0.132627
0.136238
0.139
0.142823
0.148558
0.151532
0.155754
0.157931
0.162179
0.164702
0.168154
0.168924
0.170942
0.174765
0.175535
0.179066
0.181934
0.184403
0.188599
0.190882
0.194812
0.196086
0.201051
0.20222
0.205539
0.208778
0.209628
0.210823
0.21377
0.215974
0.216744
0.219771
0.223143
0.225506
0.230259
0.231666
0.237215
0.242605
0.249934
0.259306
0.269157
0.281132
0.287053
0.290213
0.296559
0.30025
0.304949
0.310738
0.312729
0.315251
0.32027
0.327173
0.333386
0.337449
0.342759
0.350035
0.352557
0.358053
0.360018
0.365567
0.366842
0.372843
0.377436
0.384711
0.391031
0.399607
0.406829
0.416945
0.419255
0.423159
0.427062
0.429478
0.432107
0.436833
0.446232
0.448914
0.455977
0.467368
0.473554
0.481785
0.583984
0.632441
0.650842
0.668658
