0.0685559
0.0900708
0.107574
0.119244
0.128673
0.135914
0.141774
0.146854
0.152011
0.154277
0.158913
0.164305
0.170218
0.172692
0.177198
0.182668
0.185612
0.189414
0.194858
0.197098
0.201709
0.207778
0.213326
0.219473
0.223458
0.232184
0.241274
0.254011
0.271541
0.279616
0.28644
0.293186
0.305376
0.314128
0.32426
0.33322
0.34179
0.348823
0.351297
0.356038
0.360961
0.363722
0.369035
0.371588
0.377188
0.379532
0.384768
0.386513
0.391279
0.394119
0.398468
0.400526
0.402323
0.404642
0.408106
0.409799
0.412586
0.416259
0.417509
0.418967
0.424489
0.426391
0.429881
0.433424
0.434908
0.437435
0.442748
0.444572
0.450094
0.451084
0.452282
0.453975
0.458429
0.460226
0.461112
0.462466
0.46593
0.469343
0.471244
0.475177
0.479267
0.480829
0.486638
0.488643
0.489555
0.49091
0.494426
0.498593
0.49987
0.501693
0.508101
0.51021
0.516462
0.520369
0.526829
0.53321
0.637659
0.677224
0.697697
