0.0598517
0.0796236
0.0896882
0.0987702
0.109847
0.121311
0.128041
0.133728
0.13754
0.142364
0.147456
0.150344
0.155734
0.161361
0.167436
0.172409
0.175654
0.181342
0.18554
0.189888
0.195635
0.198583
0.202662
0.205759
0.214722
0.222791
0.229164
0.236012
0.260965
0.281482
0.291338
0.298038
0.304767
0.311318
0.31778
0.325552
0.336688
0.34315
0.348539
0.35116
0.355329
0.357651
0.360152
0.363428
0.366435
0.371408
0.374654
0.38055
0.383766
0.388768
0.391389
0.397403
0.400738
0.406992
0.409523
0.415151
0.416758
0.418575
0.423429
0.425394
0.426436
0.428014
0.430158
0.434565
0.436441
0.438972
0.443856
0.445106
0.447518
0.453861
0.455439
0.457285
0.460828
0.465057
0.46589
0.469047
0.474139
0.475508
0.476729
0.479528
0.484769
0.487062
0.49001
0.495787
0.497275
0.498347
0.50067
0.507251
0.508769
0.513295
0.51931
0.521484
0.525653
0.532412
0.539946
0.552154
0.677069
0.703272
0.732841
