0.0320603
0.0377993
0.043815
0.0451057
0.0507295
0.0516053
0.0547399
0.057667
0.058105
0.0594648
0.0611934
0.0644894
0.0650886
0.0667712
0.0711734
0.0716113
0.0728559
0.0745385
0.07765
0.0780418
0.0793325
0.0810842
0.084334
0.085302
0.0869615
0.0907184
0.0922857
0.096734
0.0974716
0.0991772
0.102888
0.104063
0.106046
0.109365
0.109895
0.111001
0.113052
0.116463
0.12082
0.122456
0.124738
0.12755
0.13073
0.134487
0.137921
0.141748
0.145942
0.146334
0.147256
0.148524
0.149861
0.153272
0.156729
0.159564
0.163667
0.165764
0.168161
0.171849
0.174453
0.178348
0.181829
0.185286
0.191048
0.192177
0.194551
0.198032
0.199161
0.201351
0.205499
0.206375
0.209187
0.213336
0.215917
0.221495
0.238827
0.276027
0.28663
0.291332
0.296379
0.298269
0.301657
0.306613
0.309908
0.316961
0.320211
0.327379
0.3292
0.332496
0.338834
0.342222
0.349874
0.354622
0.361191
0.365501
0.372831
0.378662
0.436329
0.50363
0.527209
