0.0487516
0.0546399
0.0623795
0.0849297
0.110437
0.119154
0.124759
0.127999
0.13111
0.135867
0.136973
0.14029
0.142064
0.142809
0.144712
0.147721
0.148338
0.14898
0.151886
0.153609
0.154406
0.15618
0.159317
0.159934
0.160628
0.163611
0.165385
0.166517
0.170759
0.171736
0.173048
0.17711
0.17783
0.180504
0.18305
0.183744
0.18413
0.187678
0.189298
0.19133
0.193695
0.195315
0.197629
0.199635
0.201949
0.205832
0.208686
0.213546
0.217145
0.221954
0.226428
0.228125
0.230002
0.233627
0.240338
0.247435
0.253915
0.259366
0.265846
0.272171
0.279808
0.287907
0.300172
0.312823
0.323391
0.326965
0.328019
0.328585
0.329434
0.33437
0.335759
0.339796
0.342393
0.343216
0.346738
0.350441
0.355249
0.358618
0.366203
0.375537
0.385076
0.393587
0.408346
0.417397
0.425291
0.429868
0.435833
0.439305
0.445476
0.451904
0.465763
0.476768
0.57116
0.597208
0.608136
0.618626
0.623332
0.637114
0.658841
