0.028335
0.0338324
0.0438915
0.0467571
0.0494473
0.0527224
0.0553834
0.0581028
0.0610854
0.0632493
0.0654717
0.0688637
0.0710568
0.0718463
0.0741564
0.077139
0.0788643
0.079683
0.081613
0.0837183
0.0861746
0.0867595
0.087432
0.0889818
0.0904731
0.0919352
0.0940698
0.0948301
0.0958243
0.0970525
0.0986023
0.100591
0.102374
0.104743
0.106761
0.109451
0.111235
0.113281
0.116937
0.124276
0.128136
0.133107
0.137757
0.141324
0.145301
0.149365
0.156442
0.163431
0.170624
0.17811
0.186502
0.1939
0.206006
0.214165
0.222118
0.231856
0.240687
0.250512
0.278467
0.291859
0.304228
0.319785
0.324259
0.331247
0.333148
0.336102
0.342593
0.345283
0.349377
0.353705
0.354348
0.355342
0.35698
0.359173
0.361308
0.364232
0.366249
0.367068
0.368735
0.370519
0.37277
0.37473
0.379086
0.381952
0.387859
0.394263
0.399439
0.406778
0.411398
0.41941
0.42134
0.425697
0.43406
0.440026
0.448477
0.459208
0.475788
0.582783
0.619042
