0.0127236
0.0149903
0.0163503
0.0232713
0.0415256
0.0486581
0.0492021
0.050955
0.0520733
0.0541284
0.071869
0.0738334
0.0741659
0.0746494
0.0761001
0.0774903
0.0781552
0.0800592
0.0857108
0.0894584
0.092934
0.0933571
0.094838
0.0966211
0.0990389
0.102847
0.104479
0.106504
0.110916
0.111158
0.112609
0.114029
0.115691
0.1195
0.120255
0.120648
0.121766
0.123036
0.124547
0.125574
0.128868
0.129171
0.130259
0.130712
0.132193
0.133613
0.137361
0.138056
0.139205
0.140685
0.142741
0.147002
0.147274
0.148422
0.149903
0.151958
0.156008
0.157126
0.158275
0.160814
0.165407
0.166677
0.168913
0.174655
0.175743
0.176983
0.180488
0.185173
0.186684
0.193091
0.195056
0.196899
0.202551
0.204848
0.20651
0.214398
0.215698
0.218841
0.224946
0.226215
0.228361
0.234466
0.237881
0.257556
0.291556
0.34644
0.377962
0.392317
0.408396
0.435656
0.452158
0.469868
0.484133
0.499426
0.514295
0.530857
0.610947
0.686382
0.719687
