0.0428871
0.051807
0.0559475
0.0621837
0.0677299
0.0738639
0.0757808
0.0804069
0.0822982
0.0843685
0.0882022
0.0896335
0.0934417
0.0960998
0.0987579
0.10231
0.103972
0.107141
0.110106
0.112176
0.116112
0.117364
0.119026
0.122476
0.123601
0.124623
0.126105
0.129735
0.130578
0.131984
0.133543
0.136738
0.137734
0.139651
0.143204
0.144047
0.145428
0.147677
0.150514
0.151408
0.153657
0.157184
0.158156
0.162296
0.163881
0.164775
0.169708
0.170577
0.172545
0.176711
0.177785
0.181669
0.183868
0.185069
0.190027
0.190666
0.192251
0.197362
0.198027
0.203036
0.204263
0.205516
0.210551
0.211215
0.213157
0.218167
0.219445
0.224199
0.225298
0.226601
0.229285
0.232582
0.234754
0.240326
0.254843
0.262051
0.267265
0.272095
0.278766
0.280862
0.288402
0.298037
0.309947
0.320247
0.334279
0.352962
0.367863
0.382942
0.401217
0.413536
0.421817
0.431554
0.441957
0.453356
0.465905
0.483924
0.616904
0.641849
0.664954
