0.075061
0.0881058
0.0961926
0.103351
0.104863
0.109953
0.112234
0.114275
0.119154
0.120029
0.122044
0.126869
0.127638
0.129202
0.133073
0.134929
0.136176
0.138164
0.142327
0.143255
0.144607
0.147762
0.149963
0.151342
0.153092
0.157254
0.157599
0.158819
0.159375
0.160887
0.165049
0.165659
0.166799
0.16839
0.1725
0.173666
0.175257
0.179871
0.180189
0.181329
0.182469
0.183901
0.187321
0.188276
0.189734
0.191961
0.194771
0.19562
0.196972
0.198006
0.201851
0.203839
0.206119
0.210335
0.213358
0.217149
0.219827
0.224732
0.226959
0.231228
0.234065
0.238785
0.240959
0.243372
0.248383
0.253818
0.257159
0.26217
0.268719
0.27092
0.275825
0.278423
0.283328
0.285767
0.291415
0.309073
0.326095
0.350276
0.376631
0.393944
0.403542
0.407705
0.414784
0.417462
0.424939
0.426981
0.432283
0.43687
0.441219
0.447768
0.452381
0.459407
0.468448
0.474785
0.488175
0.517314
0.63432
0.681382
0.698112
