0.0733819
0.0835695
0.0893267
0.0936671
0.0976476
0.102168
0.107295
0.112063
0.114155
0.118
0.120069
0.12369
0.125916
0.129492
0.131629
0.135812
0.139612
0.141726
0.144447
0.147349
0.148091
0.149642
0.152656
0.153263
0.154927
0.158256
0.158953
0.160595
0.163271
0.164665
0.166442
0.168938
0.170355
0.172176
0.175347
0.176022
0.177731
0.180947
0.181554
0.183061
0.185872
0.187109
0.187851
0.192147
0.192821
0.197724
0.198421
0.20022
0.203931
0.204606
0.20708
0.209756
0.211083
0.214861
0.216165
0.220551
0.225116
0.228602
0.232875
0.244659
0.257185
0.269824
0.285634
0.300747
0.312306
0.319727
0.325844
0.333626
0.342059
0.349525
0.358341
0.367022
0.374848
0.384226
0.393379
0.397675
0.403005
0.409571
0.415823
0.422862
0.429519
0.434444
0.439572
0.44326
0.447825
0.454617
0.462578
0.469887
0.478006
0.529798
0.597108
0.606936
0.617753
0.626749
0.636037
0.639432
0.647506
0.657289
0.6695
