0.0280888
0.0372073
0.045519
0.0530485
0.0601379
0.0618736
0.0682785
0.0713587
0.0765169
0.0789615
0.0841441
0.0848775
0.0879578
0.0920892
0.093287
0.0995942
0.10045
0.106806
0.108175
0.115362
0.123038
0.133795
0.13663
0.141837
0.14526
0.151151
0.158656
0.159805
0.161077
0.163839
0.16621
0.167946
0.171857
0.177822
0.182565
0.184276
0.186501
0.189557
0.191292
0.19447
0.194959
0.195913
0.196548
0.197184
0.199017
0.20134
0.20288
0.204004
0.206302
0.209358
0.210703
0.212781
0.21437
0.214736
0.215201
0.216692
0.217499
0.218477
0.219112
0.220652
0.221214
0.222706
0.223292
0.224001
0.225444
0.225908
0.226373
0.228231
0.228695
0.229624
0.230088
0.232338
0.234831
0.236518
0.23774
0.256662
0.317313
0.327434
0.344082
0.381387
0.42319
0.44216
0.46888
0.494793
0.506112
0.538332
0.551851
0.568181
0.580135
0.591502
0.603603
0.616682
0.628074
0.645015
0.653572
0.664279
0.677162
0.70046
0.73158
