0.0822626
0.116117
0.139388
0.147438
0.149331
0.150264
0.154849
0.155702
0.156128
0.156368
0.156555
0.156688
0.156795
0.156955
0.157381
0.157968
0.159514
0.160447
0.16114
0.163192
0.164818
0.168017
0.168737
0.172202
0.173562
0.176361
0.179
0.181452
0.184544
0.185611
0.18617
0.188703
0.190169
0.191235
0.193235
0.19734
0.199845
0.202218
0.203631
0.204777
0.20539
0.207016
0.211174
0.213014
0.215999
0.218452
0.221677
0.224396
0.225916
0.227488
0.228368
0.229594
0.232713
0.234099
0.235272
0.236445
0.236952
0.238444
0.238764
0.239564
0.240204
0.24119
0.243136
0.244202
0.246841
0.250653
0.256651
0.33017
0.367463
0.38407
0.407688
0.42728
0.441169
0.450099
0.46428
0.467799
0.475263
0.489684
0.493522
0.501973
0.514741
0.521325
0.544597
0.561071
0.573226
0.58069
0.586928
0.593512
0.602282
0.613184
0.626806
0.639228
0.653249
0.667724
0.681772
0.69686
0.707149
0.719012
0.735699
