0.0157955
0.0194943
0.0229372
0.0238909
0.0264499
0.0308698
0.0318236
0.0336846
0.0379882
0.038849
0.0398493
0.0423384
0.0455719
0.0463861
0.0481076
0.0519459
0.0527601
0.0537372
0.0545049
0.057087
0.0595064
0.0626236
0.0660432
0.0673692
0.0706027
0.0722544
0.0736269
0.0761858
0.0798148
0.0832345
0.0850955
0.0879336
0.0909577
0.0921674
0.0936097
0.096378
0.0970991
0.0981925
0.10017
0.102845
0.105102
0.10794
0.1088
0.111196
0.114267
0.118338
0.124061
0.13104
0.138902
0.155815
0.164864
0.172145
0.175123
0.180683
0.18373
0.18915
0.192198
0.195012
0.200619
0.202433
0.204155
0.207156
0.210901
0.213344
0.21774
0.222579
0.23335
0.238165
0.24105
0.24412
0.247703
0.252821
0.256031
0.259241
0.265359
0.266383
0.268965
0.271338
0.277526
0.350269
0.384581
0.404936
0.440529
0.466955
0.482239
0.496987
0.505269
0.520623
0.52816
0.535883
0.538256
0.576151
0.597087
0.610068
0.627608
0.641403
0.66113
0.689185
0.7238
