0.0436464
0.0529545
0.0582569
0.0590905
0.0603871
0.0640919
0.0661063
0.0673567
0.0724044
0.0737936
0.0761323
0.0797907
0.0815041
0.0864592
0.0874317
0.0891451
0.0937297
0.095119
0.0975039
0.100259
0.101209
0.102505
0.104844
0.108664
0.11399
0.117232
0.12052
0.122279
0.124711
0.127559
0.128832
0.131124
0.133463
0.135061
0.136913
0.139529
0.141451
0.146244
0.149648
0.153932
0.158563
0.163055
0.173845
0.194591
0.202718
0.207349
0.212605
0.215916
0.219552
0.225248
0.231407
0.238538
0.248449
0.256854
0.268732
0.276836
0.283273
0.293299
0.299111
0.304344
0.307562
0.37603
0.421159
0.445841
0.486617
0.526605
0.566569
0.597342
0.614847
0.623414
0.630893
0.632514
0.635871
0.640734
0.64298
0.648745
0.64944
0.650111
0.654047
0.658377
0.659581
0.667246
0.667986
0.670904
0.677156
0.678059
0.686371
0.687807
0.696235
0.699199
0.70765
0.717375
0.726938
0.736686
0.743609
0.758197
0.771951
0.790011
0.823562
