0.0452071
0.0522225
0.0594999
0.0613629
0.068553
0.0703286
0.0749862
0.0785958
0.0819725
0.0871249
0.089017
0.0954502
0.0964981
0.099118
0.104387
0.106133
0.113149
0.11443
0.118185
0.123861
0.131459
0.140279
0.164265
0.193433
0.217477
0.228102
0.236224
0.246354
0.250837
0.263208
0.338428
0.380345
0.399237
0.426513
0.535033
0.564754
0.572497
0.581492
0.58449
0.593893
0.596775
0.607138
0.610456
0.619626
0.621547
0.626408
0.632725
0.635636
0.640119
0.645126
0.646581
0.648677
0.65284
0.657992
0.65904
0.661078
0.6646
0.670771
0.671266
0.672896
0.675662
0.683376
0.684191
0.685588
0.687742
0.694292
0.696999
0.697435
0.699852
0.702122
0.708643
0.709865
0.710331
0.712776
0.715687
0.721334
0.722586
0.723023
0.725555
0.728466
0.73356
0.735278
0.736442
0.738422
0.742672
0.747708
0.749047
0.75187
0.757488
0.760574
0.764475
0.772393
0.775303
0.78456
0.787442
0.796641
0.801327
0.810118
0.823451
