0.0942848
0.11948
0.134825
0.141031
0.14317
0.14935
0.152493
0.157194
0.161235
0.162555
0.163004
0.164008
0.165038
0.165619
0.166887
0.170531
0.173463
0.17518
0.178243
0.18202
0.187091
0.188913
0.190181
0.193456
0.196519
0.199239
0.203095
0.20505
0.207955
0.209381
0.210437
0.211784
0.212445
0.214003
0.216089
0.217014
0.217357
0.217568
0.217859
0.21873
0.222533
0.223748
0.224197
0.224989
0.22565
0.226521
0.227181
0.228581
0.229109
0.229532
0.23146
0.233018
0.233626
0.23418
0.234788
0.235448
0.235791
0.236293
0.236795
0.23698
0.237191
0.237534
0.23801
0.239145
0.240624
0.242816
0.243529
0.245325
0.248389
0.299863
0.350861
0.360263
0.368371
0.375343
0.382712
0.39185
0.406666
0.4251
0.431835
0.440867
0.448711
0.461679
0.4677
0.469074
0.477895
0.488512
0.492843
0.503064
0.512307
0.524297
0.547935
0.571176
0.591063
0.603687
0.619692
0.635723
0.672063
0.69953
0.741205
