0.0350117
0.05782
0.0727591
0.0882516
0.104758
0.126153
0.159136
0.163685
0.165714
0.173153
0.175243
0.179639
0.185356
0.187108
0.189967
0.190643
0.193071
0.194762
0.198666
0.201064
0.201894
0.202601
0.204568
0.206105
0.208287
0.209056
0.209793
0.21216
0.213083
0.21382
0.214281
0.216986
0.218431
0.21923
0.220306
0.223411
0.225716
0.226731
0.227069
0.227376
0.227714
0.228544
0.228852
0.229313
0.229835
0.230143
0.230419
0.230819
0.231311
0.234046
0.234907
0.236106
0.236782
0.237305
0.23792
0.239672
0.241024
0.245881
0.246373
0.247326
0.248063
0.24874
0.250615
0.251291
0.252859
0.255103
0.255379
0.255748
0.258453
0.261527
0.263095
0.267767
0.333087
0.409658
0.445869
0.472735
0.488135
0.499293
0.500461
0.50292
0.515369
0.516906
0.528034
0.530923
0.540575
0.543588
0.544356
0.545217
0.54577
0.54826
0.556683
0.558742
0.560341
0.572882
0.588282
0.632915
0.651389
0.685971
0.773577
