0.0546231
0.0652168
0.0767979
0.0896865
0.101588
0.115544
0.124857
0.128672
0.135023
0.135877
0.138386
0.145057
0.154556
0.168486
0.171875
0.174943
0.178866
0.183776
0.186524
0.187245
0.189566
0.192422
0.194797
0.196905
0.198933
0.202615
0.203522
0.206564
0.211528
0.213929
0.218012
0.222335
0.226925
0.227352
0.227965
0.229219
0.229646
0.230047
0.23074
0.23453
0.236825
0.237545
0.238959
0.24032
0.241388
0.243282
0.247658
0.24934
0.251181
0.253209
0.256571
0.257078
0.257505
0.257825
0.258145
0.258492
0.259053
0.26004
0.260467
0.260761
0.261054
0.261961
0.262922
0.264736
0.265644
0.266951
0.267965
0.272448
0.334596
0.35936
0.381294
0.396985
0.405604
0.412995
0.419506
0.423215
0.435971
0.452809
0.475464
0.492115
0.498706
0.50463
0.511221
0.518452
0.521441
0.547111
0.562081
0.576278
0.588712
0.599573
0.609713
0.62463
0.636771
0.647632
0.664656
0.678346
0.700494
0.723336
0.741935
