0.0239823
0.0301757
0.035496
0.0384154
0.0450726
0.0475554
0.0520026
0.055986
0.0583051
0.0647986
0.0661355
0.0689185
0.0743479
0.0751391
0.0761486
0.0773764
0.079259
0.0838426
0.0850431
0.0866528
0.0886991
0.0937466
0.0954655
0.0989305
0.103978
0.111999
0.136255
0.15167
0.157372
0.161656
0.16744
0.173551
0.174533
0.177726
0.181927
0.183346
0.189867
0.193823
0.200889
0.205419
0.210493
0.213467
0.22007
0.227082
0.237777
0.243534
0.251773
0.353869
0.369475
0.379024
0.394221
0.430454
0.45299
0.47378
0.479919
0.489878
0.491651
0.499673
0.509031
0.542126
0.562452
0.572002
0.579259
0.582397
0.591673
0.592983
0.599367
0.606133
0.613582
0.619039
0.621685
0.63148
0.633608
0.644767
0.646104
0.656172
0.659064
0.665912
0.672433
0.684929
0.686566
0.698543
0.707465
0.71284
0.724981
0.727764
0.739223
0.744543
0.752565
0.764569
0.766152
0.777911
0.782686
0.79199
0.800038
0.806477
0.819573
0.843992
0.87395
