0.0259338
0.0306138
0.0369631
0.0390795
0.0412257
0.0458163
0.0486482
0.0499001
0.0527022
0.0556235
0.0604227
0.0617939
0.0653114
0.0681432
0.0725251
0.0738367
0.076758
0.0797091
0.0843593
0.0856112
0.0864459
0.0890691
0.0919605
0.0963424
0.0975944
0.0983098
0.100307
0.106954
0.111813
0.128983
0.140013
0.145736
0.148448
0.150177
0.151727
0.152562
0.155275
0.159329
0.163979
0.16535
0.168122
0.172296
0.178138
0.180732
0.182222
0.186216
0.190092
0.191999
0.195904
0.199601
0.204907
0.207381
0.207977
0.212329
0.213253
0.215936
0.216979
0.218201
0.219841
0.220944
0.227055
0.231138
0.233106
0.236623
0.363162
0.365785
0.374877
0.377381
0.387307
0.390467
0.401258
0.413211
0.429129
0.447462
0.470564
0.501356
0.548633
0.581155
0.594002
0.597937
0.60381
0.609712
0.612961
0.619459
0.628491
0.641786
0.654544
0.659612
0.674367
0.677497
0.691358
0.694608
0.708111
0.714609
0.729275
0.75822
0.774823
0.791397
0.808865
