0.0408489
0.0652582
0.0909176
0.113577
0.186461
0.193399
0.204119
0.213433
0.218059
0.226716
0.235592
0.238842
0.241374
0.249406
0.251688
0.259251
0.263189
0.265502
0.274066
0.275753
0.278066
0.286192
0.287817
0.289974
0.298537
0.300288
0.305726
0.310976
0.312633
0.317633
0.321853
0.323415
0.324697
0.326166
0.327728
0.331229
0.335698
0.336667
0.337292
0.338761
0.340855
0.343418
0.347575
0.348481
0.349169
0.351075
0.352825
0.356638
0.359576
0.360483
0.360983
0.36192
0.36342
0.366577
0.371234
0.37164
0.372547
0.373515
0.374922
0.377141
0.381048
0.383985
0.384986
0.386798
0.390174
0.395893
0.397268
0.398769
0.407551
0.409426
0.419709
0.421459
0.431866
0.433773
0.444868
0.449056
0.459495
0.471778
0.484154
0.498031
0.517533
0.537598
0.553788
0.56804
0.577916
0.58948
0.601231
0.613264
0.617952
0.628797
0.639736
0.650831
0.655426
0.666583
0.67746
0.690493
0.710589
0.724028
0.758501
