0.00214671
0.00372636
0.00445543
0.00615659
0.00801977
0.00972093
0.0124347
0.0146624
0.016161
0.0186723
0.0212645
0.0254769
0.0296488
0.031674
0.0418
0.117542
0.125238
0.132934
0.133339
0.133825
0.13589
0.138888
0.143424
0.152011
0.153105
0.158694
0.169509
0.169954
0.170197
0.170521
0.172263
0.174329
0.177285
0.182834
0.189315
0.18972
0.190328
0.192393
0.196525
0.200575
0.201061
0.206003
0.207866
0.20819
0.208554
0.210539
0.213172
0.218478
0.22666
0.227146
0.227389
0.228928
0.230953
0.233383
0.238446
0.245575
0.246061
0.247317
0.249099
0.251083
0.253919
0.25724
0.264571
0.265098
0.266434
0.268419
0.27174
0.282231
0.283446
0.284702
0.285228
0.288023
0.290899
0.301956
0.302564
0.304792
0.308194
0.320993
0.322451
0.326502
0.340111
0.342622
0.352951
0.359917
0.363806
0.377699
0.381708
0.397951
0.408522
0.42363
0.438049
0.45575
0.474948
0.489327
0.503868
0.53052
0.563773
0.619952
0.676901
