0.0440731
0.0534585
0.0620495
0.0718468
0.0797611
0.0842626
0.0894995
0.0942364
0.101651
0.107211
0.114861
0.118215
0.120304
0.123128
0.127071
0.128365
0.132837
0.139633
0.141869
0.145782
0.147018
0.14999
0.153491
0.160346
0.165612
0.169261
0.171614
0.174556
0.179705
0.184413
0.188031
0.196564
0.202154
0.212481
0.23946
0.254671
0.27147
0.284769
0.298773
0.306305
0.316985
0.327959
0.334873
0.340051
0.344376
0.348848
0.353732
0.358086
0.362676
0.366883
0.37162
0.373003
0.37721
0.380947
0.382035
0.38686
0.390509
0.391538
0.393627
0.400159
0.400806
0.402012
0.406573
0.409927
0.413428
0.41943
0.420489
0.424579
0.429462
0.43317
0.43873
0.441466
0.448998
0.453588
0.459001
0.465327
0.469828
0.478625
0.488158
0.498485
0.508929
0.519021
0.528671
0.539763
0.547412
0.552826
0.562182
0.572303
0.581894
0.587543
0.594104
0.603372
0.612816
0.623525
0.634588
0.644091
0.661008
0.679279
0.700168
