0.0473871
0.0635294
0.0738714
0.0817784
0.0897674
0.094446
0.102572
0.107305
0.117346
0.121122
0.127141
0.133926
0.135841
0.13803
0.142052
0.145527
0.150752
0.15461
0.159453
0.161368
0.165062
0.168509
0.172476
0.173844
0.177592
0.179617
0.184979
0.188482
0.19171
0.195431
0.198112
0.199261
0.202736
0.205445
0.212257
0.215595
0.222955
0.228372
0.230917
0.234172
0.23762
0.241423
0.253598
0.269412
0.308837
0.321696
0.334036
0.342681
0.351409
0.359891
0.36736
0.371081
0.37762
0.385171
0.392421
0.399945
0.406758
0.41026
0.416689
0.42435
0.431628
0.435568
0.44093
0.448564
0.455896
0.459097
0.46487
0.469822
0.474528
0.481231
0.489549
0.492859
0.49814
0.506238
0.514774
0.521067
0.532202
0.541204
0.550889
0.560027
0.568837
0.578057
0.587141
0.595075
0.604706
0.613844
0.623146
0.632722
0.641943
0.651272
0.660766
0.67067
0.680383
0.690123
0.699617
0.712859
0.725472
0.743365
0.770807
