0.0610937
0.0874006
0.119926
0.202126
0.210606
0.215354
0.217993
0.222025
0.226435
0.230355
0.232013
0.233294
0.236046
0.240078
0.243659
0.244073
0.245996
0.2469
0.249048
0.251197
0.253081
0.257981
0.258433
0.258847
0.260393
0.260883
0.261825
0.263069
0.263747
0.265217
0.265895
0.267817
0.272152
0.272755
0.273019
0.273508
0.274941
0.275393
0.276335
0.277353
0.278031
0.279313
0.280104
0.2818
0.2867
0.28719
0.287491
0.288961
0.289451
0.290054
0.291448
0.292164
0.293521
0.294577
0.296235
0.299928
0.301813
0.302303
0.30381
0.304489
0.305883
0.307052
0.308182
0.30969
0.311424
0.315795
0.316398
0.317454
0.318358
0.319828
0.320469
0.321976
0.323672
0.325519
0.327441
0.331549
0.333509
0.336977
0.34361
0.346286
0.347793
0.349678
0.354125
0.361814
0.364716
0.377681
0.387367
0.395997
0.40493
0.413749
0.42792
0.444352
0.463913
0.489767
0.515019
0.544416
0.573286
0.606792
0.651528
