0.0836693
0.0918785
0.104674
0.112533
0.117879
0.12898
0.13681
0.144318
0.152089
0.157318
0.162255
0.166287
0.171633
0.175869
0.179901
0.181274
0.184166
0.191645
0.197838
0.20038
0.206544
0.211919
0.218551
0.228601
0.240578
0.293281
0.319573
0.329214
0.33865
0.347415
0.355653
0.364359
0.365498
0.373269
0.375723
0.382238
0.386036
0.391207
0.394975
0.400029
0.402337
0.408881
0.410663
0.417616
0.418434
0.420859
0.426643
0.427286
0.428834
0.432077
0.435524
0.436079
0.436255
0.437715
0.439468
0.444289
0.444435
0.44499
0.445136
0.446918
0.449167
0.453433
0.454046
0.454835
0.45799
0.462898
0.463161
0.465206
0.47137
0.472626
0.474759
0.480806
0.482647
0.489045
0.489833
0.491557
0.497663
0.50631
0.508793
0.515892
0.521122
0.527695
0.543471
0.55317
0.563716
0.574204
0.583436
0.593222
0.603184
0.613059
0.623225
0.634736
0.653842
0.664739
0.675986
0.687117
0.704411
0.719661
0.743675
