0.0621228
0.0739889
0.076822
0.0834326
0.0879901
0.0904537
0.0952576
0.101786
0.102772
0.105112
0.107781
0.11316
0.116814
0.118005
0.119729
0.122069
0.125683
0.130651
0.131308
0.131842
0.133525
0.134387
0.136645
0.140341
0.145309
0.145925
0.146418
0.147937
0.148717
0.150565
0.152248
0.155697
0.159844
0.160583
0.161158
0.162677
0.163498
0.165305
0.167851
0.170602
0.174009
0.174995
0.177253
0.180661
0.185137
0.189037
0.189612
0.19109
0.19187
0.193595
0.196181
0.199015
0.202792
0.205173
0.211825
0.21745
0.221474
0.230138
0.232273
0.234654
0.238883
0.246438
0.247259
0.248368
0.250257
0.255143
0.262082
0.263724
0.266557
0.277397
0.28023
0.287826
0.29497
0.302032
0.311681
0.320099
0.328639
0.343133
0.354835
0.36822
0.381236
0.396428
0.413016
0.430425
0.440402
0.456703
0.476206
0.502566
0.52363
0.543502
0.566578
0.593143
0.604968
0.629234
0.642373
0.664504
0.671484
0.687251
0.715828
