0.0678763
0.074972
0.0911552
0.106467
0.118356
0.127661
0.137215
0.151064
0.154301
0.157942
0.166625
0.179727
0.294037
0.332659
0.346788
0.357712
0.365866
0.373459
0.379186
0.383481
0.38706
0.392662
0.394498
0.40094
0.402496
0.406853
0.411801
0.413918
0.420266
0.42148
0.423161
0.425899
0.430537
0.431595
0.43424
0.440091
0.441242
0.44283
0.446377
0.45089
0.451481
0.45727
0.460818
0.461409
0.46421
0.47031
0.471399
0.472333
0.475289
0.480767
0.481732
0.483599
0.490819
0.491908
0.492531
0.494025
0.499129
0.50249
0.503081
0.504575
0.507749
0.51304
0.5136
0.515218
0.521505
0.52415
0.525177
0.526391
0.533954
0.535167
0.536163
0.538186
0.545687
0.546807
0.547865
0.55577
0.557233
0.558166
0.559971
0.567752
0.569059
0.574225
0.578987
0.580232
0.586394
0.590377
0.591778
0.599963
0.601768
0.603262
0.6121
0.613843
0.623086
0.629995
0.63902
0.647641
0.660837
0.680039
0.711129
