0.0569653
0.0638962
0.0753555
0.0812094
0.0868701
0.0900179
0.0950711
0.104487
0.111363
0.117023
0.123319
0.125749
0.128648
0.130139
0.134558
0.13638
0.14124
0.143173
0.144056
0.145409
0.146928
0.151954
0.156427
0.161839
0.164628
0.166506
0.171172
0.17421
0.177192
0.181168
0.187906
0.190722
0.192406
0.195113
0.207897
0.280326
0.3033
0.326274
0.351042
0.371227
0.386967
0.400552
0.417368
0.430706
0.443131
0.451167
0.454342
0.461328
0.465581
0.471076
0.478365
0.480381
0.487809
0.489079
0.491399
0.497473
0.499351
0.504045
0.507718
0.50943
0.515228
0.517299
0.518873
0.521579
0.526909
0.528621
0.535579
0.537457
0.539252
0.545299
0.546431
0.548115
0.555046
0.556841
0.558746
0.564876
0.566699
0.570316
0.575507
0.577413
0.58473
0.586718
0.59445
0.597211
0.605578
0.614193
0.616512
0.625321
0.628331
0.635842
0.640867
0.645893
0.655115
0.664531
0.666823
0.676101
0.68629
0.700787
0.715615
