0.00164785
0.0031204
0.00487343
0.00546946
0.00599537
0.00662646
0.00865998
0.0102027
0.0106234
0.0112545
0.0116752
0.012166
0.0127971
0.0133932
0.0167239
0.0176355
0.0191081
0.0223687
0.0251034
0.0256644
0.0262955
0.026576
0.0268565
0.0272421
0.0285394
0.0324311
0.0338686
0.0359372
0.0365683
0.0383564
0.0400743
0.0413716
0.0428792
0.0439661
0.0459295
0.0480682
0.048559
0.0509081
0.0529416
0.0542388
0.0557464
0.0583409
0.0594979
0.0651778
0.0672814
0.0683332
0.0704719
0.075135
0.0774139
0.0819017
0.0857233
0.095961
0.1299
0.143959
0.155529
0.165486
0.168081
0.170816
0.177828
0.179966
0.182491
0.189538
0.192027
0.19669
0.2023
0.204404
0.209382
0.215202
0.218428
0.234977
0.238272
0.240446
0.247774
0.250193
0.254996
0.261132
0.264673
0.272141
0.274946
0.281116
0.285885
0.291494
0.297525
0.306746
0.321822
0.335566
0.345137
0.357163
0.378655
0.393205
0.410069
0.4337
0.460907
0.48261
0.503191
0.529942
0.592245
0.671832
0.71408
