0.035164
0.0427155
0.0484617
0.0535978
0.0572337
0.0602848
0.0644038
0.067938
0.0714976
0.073074
0.0749555
0.0781592
0.0796847
0.0827613
0.0848462
0.0853293
0.0873379
0.0898551
0.0909738
0.0914569
0.0922197
0.0942029
0.096237
0.0972794
0.0979405
0.0981185
0.0984999
0.0988813
0.100585
0.101373
0.103585
0.104348
0.104805
0.105085
0.106636
0.108263
0.110221
0.110679
0.11106
0.111492
0.112255
0.114671
0.117112
0.118205
0.120239
0.125451
0.156547
0.166158
0.171726
0.175896
0.179608
0.182354
0.187821
0.191228
0.193898
0.195042
0.197051
0.199542
0.200712
0.201704
0.20417
0.207272
0.208975
0.212052
0.213399
0.216883
0.219476
0.220798
0.222629
0.226595
0.230816
0.234096
0.238063
0.24419
0.251894
0.257157
0.265599
0.274574
0.319705
0.346911
0.368218
0.497864
0.568218
0.590872
0.609611
0.624053
0.634554
0.644088
0.653166
0.654462
0.662395
0.670252
0.672311
0.679074
0.684134
0.690923
0.695627
0.70417
0.715993
