0.114486
0.120756
0.12583
0.129621
0.131004
0.134766
0.13602
0.139598
0.140296
0.144457
0.144942
0.147408
0.149389
0.150016
0.152823
0.15442
0.155417
0.158966
0.159465
0.162572
0.163712
0.164353
0.166519
0.168614
0.169284
0.172847
0.173303
0.173816
0.177265
0.17775
0.17842
0.181683
0.182482
0.183094
0.186429
0.187071
0.187683
0.19109
0.19176
0.193256
0.196021
0.197076
0.200482
0.201565
0.204843
0.205826
0.209275
0.209916
0.213921
0.215061
0.218453
0.222558
0.224696
0.227974
0.23185
0.235883
0.239133
0.241214
0.244691
0.246302
0.24928
0.250007
0.253385
0.253755
0.256577
0.258059
0.25823
0.262207
0.262577
0.263675
0.266853
0.268506
0.271585
0.273794
0.276972
0.280777
0.285067
0.289442
0.294174
0.296768
0.299533
0.304635
0.314184
0.322735
0.342388
0.405496
0.421486
0.43903
0.453254
0.470741
0.481287
0.572257
0.728558
0.744306
0.755067
0.76215
0.773893
0.785722
0.798036
