0.0845239
0.0924391
0.0938393
0.0959824
0.0997543
0.101869
0.10224
0.102697
0.103698
0.105012
0.105812
0.107327
0.111384
0.111727
0.112213
0.113041
0.113927
0.115413
0.117642
0.120957
0.121357
0.122157
0.1229
0.1243
0.126757
0.130215
0.130529
0.131158
0.131844
0.132901
0.13433
0.138559
0.139473
0.140216
0.140816
0.141959
0.144074
0.148274
0.148588
0.149389
0.150217
0.151903
0.155561
0.158018
0.158761
0.159675
0.160933
0.16519
0.16679
0.168248
0.169934
0.174306
0.175563
0.177563
0.179478
0.183135
0.184107
0.186307
0.18905
0.191793
0.192622
0.195251
0.196908
0.201223
0.205824
0.236256
0.253172
0.258544
0.266288
0.274203
0.279661
0.282232
0.287261
0.291033
0.29732
0.300806
0.303949
0.30855
0.313379
0.317522
0.321465
0.325723
0.329409
0.332838
0.338982
0.348097
0.368271
0.438593
0.623757
0.665733
0.705566
0.718882
0.731484
0.747057
0.769116
0.784461
0.795748
0.811007
0.82378
