0.14101
0.147726
0.149571
0.152639
0.154924
0.156669
0.158854
0.161581
0.162102
0.162904
0.16513
0.168458
0.168899
0.16926
0.169701
0.171646
0.17351
0.175896
0.176277
0.177661
0.180107
0.182452
0.182894
0.183555
0.18562
0.188327
0.18971
0.189851
0.191455
0.19344
0.196006
0.196467
0.19771
0.199695
0.202663
0.202923
0.204186
0.205911
0.208758
0.209199
0.20948
0.210422
0.211464
0.214853
0.215334
0.215815
0.216738
0.218321
0.221128
0.222171
0.224296
0.227604
0.228848
0.231514
0.233659
0.234562
0.238331
0.239694
0.240837
0.245268
0.246431
0.250682
0.251905
0.257178
0.263133
0.275784
0.320395
0.331863
0.342028
0.355221
0.365045
0.374589
0.38297
0.388243
0.393576
0.405004
0.414508
0.459159
0.509844
0.66122
0.6855
0.703244
0.715113
0.721549
0.727123
0.730091
0.73404
0.738832
0.747053
0.753048
0.762651
0.766742
0.770531
0.775182
0.780095
0.785749
0.789177
0.796816
0.804816
