0.0620645
0.0706301
0.0753968
0.0810105
0.0878097
0.0894793
0.0952865
0.0970286
0.102739
0.10315
0.104554
0.106586
0.11024
0.110942
0.11324
0.115684
0.117765
0.118419
0.119532
0.121443
0.125145
0.125702
0.126258
0.128847
0.132646
0.133227
0.133493
0.13388
0.135695
0.140147
0.141042
0.142034
0.145688
0.14835
0.148689
0.149221
0.150721
0.155318
0.156262
0.157182
0.163279
0.16432
0.165166
0.16761
0.171482
0.172571
0.174119
0.179709
0.180483
0.181015
0.183217
0.188226
0.189387
0.197542
0.226578
0.240273
0.244604
0.250315
0.253146
0.254476
0.257549
0.261881
0.26355
0.264203
0.266599
0.269841
0.271559
0.272309
0.275189
0.27952
0.283512
0.285521
0.289295
0.296361
0.302386
0.30587
0.314097
0.327284
0.416836
0.59744
0.60903
0.616773
0.625339
0.633299
0.634727
0.642131
0.643414
0.650286
0.651592
0.65827
0.659892
0.666521
0.66761
0.673901
0.675353
0.681281
0.687863
0.695316
0.703252
