0.0637885
0.0702644
0.0766055
0.0776039
0.079007
0.0819212
0.0848894
0.0859687
0.0868861
0.0882623
0.0917431
0.09347
0.0952509
0.0987048
0.0991905
0.100351
0.101646
0.105451
0.105801
0.106179
0.107178
0.107528
0.108716
0.10939
0.113168
0.113357
0.113708
0.114436
0.114814
0.115138
0.116082
0.116487
0.120291
0.120696
0.121047
0.121883
0.122234
0.123125
0.123637
0.12558
0.128063
0.128332
0.128953
0.129493
0.130275
0.130653
0.13157
0.13524
0.135402
0.136158
0.136697
0.137615
0.138505
0.139692
0.142768
0.142903
0.143605
0.144037
0.1449
0.145629
0.14633
0.150162
0.150567
0.151052
0.152024
0.153049
0.154236
0.158041
0.158527
0.159174
0.160308
0.166055
0.167404
0.175553
0.214625
0.235375
0.243065
0.256152
0.266703
0.290853
0.362898
0.372801
0.378548
0.391284
0.410874
0.483486
0.571182
0.582866
0.593065
0.599703
0.612844
0.630896
0.643389
0.6517
0.664841
0.681031
0.69204
0.70993
0.734943
