0.0324728
0.0364566
0.0418556
0.0473332
0.0494037
0.0545931
0.0566374
0.0615909
0.0635565
0.0675403
0.0697156
0.070764
0.0756126
0.0767658
0.0777618
0.079544
0.0827939
0.0839208
0.0844712
0.08683
0.0899751
0.0911807
0.0928057
0.0963177
0.0972874
0.0991744
0.104259
0.105045
0.106985
0.111624
0.112357
0.113694
0.116472
0.119119
0.119748
0.120063
0.122238
0.126825
0.127506
0.129577
0.13474
0.135107
0.136889
0.141974
0.142655
0.144149
0.146062
0.149784
0.150727
0.153427
0.15783
0.158642
0.162679
0.166191
0.173188
0.174944
0.182545
0.225108
0.23719
0.248093
0.256008
0.260752
0.267593
0.275508
0.281274
0.286647
0.294535
0.302084
0.3122
0.326851
0.343101
0.398925
0.431058
0.491495
0.623903
0.635775
0.649168
0.663714
0.673385
0.682741
0.691076
0.699174
0.705412
0.708714
0.713825
0.716446
0.717966
0.723889
0.726615
0.732433
0.73875
0.74559
0.751802
0.756179
0.763517
0.77311
0.780999
0.792216
0.810012
