0.0660981
0.0725874
0.0735349
0.0765498
0.0819766
0.0825509
0.0838717
0.0863698
0.0916817
0.0923134
0.0939788
0.100612
0.101243
0.102794
0.109628
0.110719
0.112671
0.11827
0.119448
0.12117
0.126626
0.12809
0.129727
0.134895
0.136073
0.137623
0.138886
0.143222
0.144313
0.145692
0.147788
0.151607
0.153588
0.155311
0.159244
0.16045
0.162948
0.166365
0.167456
0.169036
0.170816
0.172768
0.175841
0.177248
0.180808
0.185287
0.206076
0.242341
0.247911
0.252706
0.256898
0.263158
0.269705
0.278922
0.283717
0.290694
0.297241
0.310592
0.33273
0.386654
0.397221
0.406897
0.417693
0.421943
0.433945
0.462084
0.605392
0.630143
0.643581
0.655957
0.662589
0.671031
0.681799
0.685072
0.694346
0.697936
0.706205
0.708358
0.712206
0.717891
0.719241
0.722485
0.726505
0.729664
0.731674
0.735464
0.740202
0.742412
0.746806
0.750969
0.754731
0.76122
0.763718
0.771011
0.773509
0.781089
0.790335
0.799954
0.817182
