0.120181
0.12661
0.127397
0.129185
0.134145
0.134592
0.136359
0.140659
0.141297
0.142936
0.147023
0.147683
0.14813
0.149833
0.153643
0.154324
0.15575
0.158411
0.160476
0.161923
0.16501
0.166585
0.168054
0.170949
0.172439
0.174418
0.177569
0.178846
0.180911
0.183997
0.184998
0.18719
0.189766
0.190702
0.192831
0.195492
0.196726
0.199472
0.201239
0.201877
0.20341
0.206284
0.207284
0.208391
0.211818
0.212946
0.214223
0.217352
0.218417
0.22063
0.222695
0.224249
0.228464
0.229933
0.233892
0.235382
0.23932
0.24098
0.245599
0.249196
0.259712
0.282296
0.29262
0.298325
0.300922
0.304817
0.3105
0.315481
0.317993
0.319143
0.320058
0.322548
0.326486
0.328083
0.331787
0.335171
0.336704
0.340578
0.343898
0.347113
0.349028
0.353179
0.358671
0.362715
0.370719
0.376934
0.379851
0.388535
0.399519
0.464697
0.647736
0.691798
0.707848
0.717491
0.731263
0.747823
0.756764
0.768577
0.783925
