0.0492154
0.0516058
0.0566399
0.0581866
0.0595928
0.0642612
0.0656674
0.0665673
0.0719669
0.0726419
0.0743293
0.079532
0.0800945
0.0817538
0.0863659
0.0876315
0.088897
0.089347
0.0908938
0.0950841
0.0955622
0.0968558
0.0983182
0.100568
0.103099
0.104533
0.106052
0.110552
0.110974
0.112183
0.113505
0.11657
0.118792
0.120085
0.122729
0.127482
0.131503
0.135356
0.137662
0.142837
0.144862
0.150908
0.151836
0.153749
0.159261
0.160189
0.162186
0.167867
0.168767
0.172394
0.178497
0.208729
0.241352
0.251083
0.260448
0.263569
0.269138
0.276703
0.284718
0.292733
0.30027
0.314388
0.379633
0.398391
0.412931
0.469543
0.616092
0.641009
0.657995
0.677203
0.691124
0.698268
0.705551
0.709432
0.717194
0.718657
0.723719
0.728612
0.730131
0.735756
0.739834
0.742224
0.750098
0.751758
0.760082
0.761151
0.766185
0.770206
0.7715
0.778362
0.779628
0.780809
0.787221
0.78874
0.792142
0.79743
0.803082
0.807076
0.816722
