0.0398758
0.0492513
0.054849
0.060051
0.0617125
0.0662025
0.0681014
0.0720375
0.0751825
0.0779912
0.0807406
0.082857
0.0836877
0.0872481
0.088237
0.089048
0.0928061
0.0937556
0.0980477
0.101212
0.104555
0.109065
0.117452
0.122515
0.124196
0.129577
0.137172
0.155112
0.198291
0.210475
0.219376
0.225488
0.231204
0.237099
0.243745
0.319461
0.329984
0.333248
0.335008
0.337421
0.340823
0.344403
0.348082
0.352671
0.358961
0.37967
0.386771
0.401131
0.413909
0.426469
0.440374
0.462883
0.474296
0.478865
0.480942
0.483692
0.484483
0.487094
0.488478
0.489942
0.493977
0.495599
0.497063
0.498902
0.500801
0.502304
0.503827
0.50624
0.507526
0.510829
0.512985
0.515201
0.518187
0.51971
0.520442
0.521214
0.524794
0.527978
0.530827
0.536642
0.538481
0.539668
0.54305
0.544297
0.547778
0.552228
0.558103
0.564867
0.747295
0.777558
0.79445
0.813775
0.830805
0.843424
0.859663
0.874637
0.898056
0.927191
0.957296
