0.0474042
0.0524792
0.0564828
0.0620653
0.0685501
0.0753355
0.0830232
0.0890004
0.0949964
0.101162
0.10744
0.113097
0.116048
0.119751
0.122965
0.125484
0.130427
0.132175
0.136893
0.141931
0.147382
0.149261
0.153472
0.158622
0.162889
0.16896
0.174524
0.180933
0.188132
0.213075
0.258054
0.29841
0.410793
0.419176
0.422747
0.426694
0.42895
0.431375
0.433649
0.436393
0.43895
0.443198
0.44987
0.489117
0.523176
0.570261
0.579302
0.586331
0.592384
0.598004
0.604564
0.606105
0.609902
0.613642
0.616029
0.620146
0.625089
0.628867
0.633153
0.639525
0.647889
0.664674
0.792959
0.805947
0.813372
0.821191
0.826717
0.833371
0.837957
0.842036
0.848295
0.852524
0.854536
0.857092
0.863859
0.870888
0.87476
0.879817
0.881847
0.884422
0.888312
0.894346
0.900925
0.909308
0.915924
0.921713
0.924627
0.929646
0.934551
0.937784
0.945359
0.949964
0.952201
0.952803
0.954081
0.955904
0.95846
0.968573
0.981429
