0.0330182
0.0413937
0.0463446
0.0523935
0.0584611
0.0614949
0.0664272
0.0724203
0.0787485
0.0845555
0.0907348
0.0938244
0.0984217
0.103875
0.109701
0.112195
0.116122
0.119137
0.122971
0.128145
0.129225
0.134809
0.14082
0.147111
0.153514
0.161201
0.20051
0.225767
0.243877
0.264462
0.280226
0.293348
0.311402
0.375838
0.378946
0.380919
0.382315
0.383729
0.385497
0.386651
0.38721
0.388903
0.39015
0.391118
0.392086
0.39324
0.395548
0.397279
0.398731
0.400424
0.402174
0.404482
0.40733
0.409582
0.413174
0.417417
0.439305
0.527155
0.535624
0.541803
0.545135
0.549881
0.551333
0.553529
0.556712
0.558573
0.565329
0.56773
0.571583
0.577111
0.582434
0.58638
0.591572
0.593452
0.594085
0.595965
0.598459
0.600767
0.603503
0.607988
0.609068
0.611339
0.614317
0.619993
0.633673
0.795209
0.818772
0.82899
0.843006
0.849929
0.866494
0.874851
0.882538
0.890001
0.899363
0.907925
0.914886
0.925607
0.936551
