0.0421636
0.051741
0.0554352
0.0622078
0.0688436
0.0711468
0.0768933
0.0785351
0.0843956
0.0872232
0.0913735
0.0936082
0.0973708
0.0983057
0.0992178
0.103049
0.106013
0.111805
0.112877
0.118692
0.119673
0.125305
0.128497
0.132214
0.135293
0.138645
0.142499
0.145988
0.151871
0.158096
0.163729
0.167697
0.184275
0.216906
0.234351
0.246574
0.259116
0.272159
0.281463
0.29421
0.321278
0.387203
0.391558
0.397533
0.399357
0.40093
0.404237
0.407521
0.410371
0.412332
0.414955
0.418443
0.423369
0.428887
0.435728
0.456366
0.482932
0.532529
0.544068
0.545983
0.55173
0.558001
0.563428
0.570314
0.573895
0.577064
0.580257
0.58598
0.590427
0.594395
0.601145
0.604953
0.613025
0.617632
0.620186
0.623789
0.626137
0.627323
0.62819
0.629854
0.633913
0.640116
0.699131
0.773562
0.778875
0.787312
0.791417
0.798554
0.805053
0.816911
0.821152
0.82959
0.836955
0.84724
0.853077
0.864114
0.869017
0.88336
0.902971
