0.029534
0.0325312
0.0378692
0.039685
0.0447386
0.0462481
0.0483264
0.0526581
0.0539051
0.0555021
0.0580179
0.0614526
0.0621965
0.0632466
0.0648436
0.0690658
0.0697659
0.0708598
0.0725881
0.0766572
0.0774229
0.0787355
0.0824327
0.0843798
0.0861518
0.0886677
0.0920586
0.0936994
0.096981
0.0994531
0.101006
0.104375
0.106804
0.107635
0.111135
0.114264
0.115883
0.121396
0.122205
0.123518
0.12879
0.13089
0.136928
0.143579
0.150799
0.158215
0.166091
0.173529
0.187311
0.211201
0.231984
0.239926
0.247561
0.253949
0.258477
0.26504
0.272107
0.279392
0.28753
0.29965
0.389762
0.398053
0.401444
0.403041
0.4049
0.406344
0.410282
0.41096
0.412667
0.415401
0.416845
0.421264
0.42564
0.429556
0.433581
0.439772
0.446423
0.456924
0.586874
0.60396
0.623955
0.641435
0.683527
0.798075
0.81923
0.833909
0.845045
0.857515
0.862787
0.869788
0.877554
0.882105
0.888208
0.899628
0.913804
0.922161
0.933603
0.952483
0.968672
