0.00837577
0.0153836
0.0169409
0.0194874
0.0247696
0.0271897
0.0317143
0.032535
0.0349341
0.0394377
0.0403426
0.0427207
0.0470769
0.0477714
0.048045
0.0502967
0.0546109
0.0553474
0.0571994
0.0604613
0.0625447
0.063134
0.0651543
0.0692159
0.0700156
0.0723726
0.0765605
0.0773391
0.0789596
0.0837998
0.0845995
0.0861779
0.0911234
0.0920493
0.0954586
0.0992045
0.100909
0.105939
0.107559
0.113347
0.115746
0.121533
0.122753
0.128751
0.132687
0.145061
0.173639
0.194642
0.200177
0.20527
0.209205
0.213687
0.220148
0.222758
0.228103
0.235006
0.241256
0.250495
0.259523
0.266804
0.281472
0.357359
0.36121
0.362936
0.365924
0.367524
0.369397
0.370491
0.374069
0.375163
0.376994
0.379498
0.381982
0.383455
0.386022
0.391767
0.393009
0.394861
0.398186
0.408119
0.452187
0.4867
0.54352
0.55036
0.554106
0.565428
0.574877
0.583021
0.592134
0.59851
0.606991
0.62349
0.702408
0.779726
0.798666
0.812682
0.831411
0.856286
0.879856
