0.0210341
0.026573
0.0285308
0.0325803
0.0340529
0.0378681
0.0386714
0.0414659
0.0437918
0.0445448
0.0473728
0.0494813
0.0514558
0.0546017
0.0549531
0.0556058
0.0574799
0.0601573
0.0616131
0.0648594
0.0655288
0.067587
0.0703983
0.071168
0.0751841
0.0758032
0.0782965
0.0807062
0.0814424
0.0852577
0.0864625
0.0906124
0.0913655
0.0952644
0.0962015
0.0997323
0.100602
0.104301
0.105087
0.108886
0.109806
0.113738
0.114859
0.118909
0.12321
0.127309
0.129819
0.133718
0.139391
0.146151
0.151104
0.155807
0.160308
0.168173
0.172908
0.178581
0.186965
0.199013
0.36496
0.42162
0.517369
0.5249
0.529401
0.533066
0.535843
0.538504
0.540228
0.541332
0.54247
0.546084
0.551489
0.581275
0.592989
0.602175
0.614859
0.627979
0.660676
0.665295
0.669177
0.670382
0.671118
0.676155
0.68166
0.685274
0.688638
0.693792
0.700636
0.705187
0.713119
0.718005
0.725569
0.729752
0.73407
0.740646
0.818407
0.884772
0.909304
0.934856
0.949247
