0.050969
0.0584589
0.0629904
0.0695066
0.0741878
0.0791312
0.0838498
0.0861343
0.0907593
0.0954405
0.100552
0.102462
0.106076
0.108454
0.112143
0.116562
0.117311
0.121824
0.123003
0.127497
0.129445
0.133677
0.143357
0.153057
0.163318
0.201292
0.211759
0.223032
0.235952
0.246531
0.260575
0.275705
0.350623
0.357644
0.359386
0.361652
0.365846
0.367419
0.368692
0.369947
0.372212
0.37268
0.373635
0.375377
0.377643
0.378897
0.380021
0.380901
0.382586
0.384402
0.386649
0.389458
0.391986
0.393671
0.395693
0.396517
0.401667
0.406123
0.419062
0.483606
0.494336
0.498062
0.501189
0.504372
0.50823
0.513192
0.517929
0.520682
0.524651
0.529969
0.535437
0.543189
0.548731
0.55227
0.556034
0.558618
0.561052
0.562831
0.563767
0.56594
0.569816
0.573486
0.577249
0.58414
0.595113
0.689692
0.705702
0.721356
0.741597
0.765696
0.784814
0.798671
0.807434
0.819493
0.831664
0.841401
0.853796
0.875499
0.906095
