0.0297318
0.0360616
0.0368603
0.0422915
0.0425511
0.0432699
0.0485014
0.0487211
0.04936
0.0509774
0.0547313
0.0550109
0.05555
0.0572672
0.0609413
0.0616401
0.0624588
0.0669515
0.0676504
0.0683293
0.0729618
0.0737206
0.0743795
0.0788523
0.079651
0.0804497
0.0848625
0.0856213
0.0863002
0.0902538
0.0915916
0.0930692
0.0968431
0.0977816
0.101975
0.103592
0.107007
0.109582
0.112298
0.115593
0.120425
0.126954
0.133464
0.143348
0.155488
0.201494
0.211058
0.219385
0.227152
0.236457
0.243306
0.250235
0.256744
0.266029
0.342924
0.369861
0.436173
0.472754
0.532517
0.567341
0.601905
0.650726
0.66021
0.670354
0.686408
0.697889
0.748068
0.756035
0.760768
0.769493
0.773966
0.780635
0.787624
0.794313
0.797089
0.799285
0.803438
0.809888
0.811805
0.816677
0.818334
0.823286
0.82724
0.829436
0.829975
0.832811
0.835287
0.840099
0.844332
0.846868
0.850163
0.856632
0.860546
0.862802
0.866816
0.87642
0.891656
0.902618
0.919071
