0.0427088
0.0534957
0.0627554
0.0728932
0.0827447
0.0978655
0.103689
0.105999
0.109416
0.110714
0.114686
0.115487
0.116767
0.120757
0.122246
0.126618
0.127974
0.13099
0.133377
0.136813
0.139066
0.141395
0.144985
0.149815
0.15117
0.155695
0.15707
0.161995
0.162988
0.167819
0.170511
0.175952
0.203234
0.229791
0.235767
0.241571
0.247241
0.252873
0.258525
0.264233
0.269884
0.275478
0.281053
0.286895
0.293215
0.301157
0.392703
0.400073
0.404368
0.406201
0.409179
0.411089
0.413571
0.416473
0.41926
0.425847
0.438428
0.52776
0.545783
0.552255
0.55592
0.558307
0.563156
0.565829
0.567433
0.571175
0.574497
0.578315
0.580358
0.583184
0.587059
0.590191
0.593856
0.598553
0.604109
0.606571
0.607908
0.609951
0.611612
0.613616
0.61585
0.618943
0.622074
0.628145
0.640231
0.779621
0.796861
0.804689
0.815953
0.826435
0.835141
0.846901
0.857402
0.870232
0.884551
0.895548
0.911585
0.932663
0.95227
